Input array size: 64
Multiplicative depth: 29
Scaling Mod: 40
Sign Configuration: CompositeSign(3, 3, 2)
Final Level: 29
input:
[ 0.734375 0.59375 0.15625 0.578125 0.125 0.671875 0.75 0.28125 0.890625 0.875 0.546875 0.609375 0.4375 0.765625 0.8125 0.453125 0.296875 0.0625 0.015625 0.375 0.703125 0.6875 0.078125 0.328125 0.265625 0.953125 0.515625 0.3125 0.140625 0.203125 0.09375 0.828125 0.21875 0.640625 0.046875 0.71875 0.921875 0.109375 0.484375 0.859375 0.90625 0.984375 0.796875 0.421875 0.359375 0.171875 0.46875 0 0.03125 0.390625 0.34375 0.96875 0.84375 0.9375 0.5625 0.78125 0.65625 0.40625 0.234375 0.25 0.625 0.1875 0.53125 0.5 ]
output:
[ 1.59192e-06 0.0156255 0.0312506 0.0468787 0.0625009 0.0781242 0.0937516 0.109374 0.124993 0.140622 0.156253 0.171876 0.187493 0.203124 0.218749 0.234374 0.249997 0.265625 0.281257 0.296879 0.312502 0.328125 0.343747 0.35937 0.375 0.390621 0.406247 0.421876 0.437502 0.453126 0.46875 0.484376 0.499998 0.515625 0.531246 0.546872 0.562493 0.578126 0.593756 0.609374 0.625 0.640633 0.656243 0.671874 0.687509 0.703118 0.71875 0.734376 0.749998 0.765622 0.781248 0.796873 0.812492 0.828117 0.843751 0.859374 0.875002 0.890616 0.906248 0.921871 0.937498 0.953126 0.968753 0.984376 ]

Performance Analysis:
Execution time: 35343 ms

Error Analysis:
Maximum error: 9.22583e-06 (log2: -16.7259)
Average error: 2.81167e-06 (log2: -18.4401)
Number of errors larger than 0.01: 0
[       OK ] DirectSort/DirectSortTestFixture/4.SortTest (42893 ms)
[----------] 1 test from DirectSort/DirectSortTestFixture/4 (42893 ms total)

[----------] 1 test from DirectSort/DirectSortTestFixture/5, where TypeParam = std::integral_constant<unsigned long,128ul>
[ RUN      ] DirectSort/DirectSortTestFixture/5.SortTest
Using Ring Dimension: 131072
