Input array size: 128
Multiplicative depth: 30
Scaling Mod: 40
Sign Configuration: CompositeSign(3, 3, 2)
Final Level: 30
input:
[ 0.320312 0.78125 0.0703125 0.804688 0.304688 0.539062 0.046875 0.726562 0.492188 0.664062 0.601562 0.9375 0.382812 0.0546875 0.59375 0.84375 0.359375 0.929688 0.484375 0.65625 0.75 0.234375 0.945312 0.15625 0.1875 0.0078125 0.859375 0.8125 0.789062 0.5 0.421875 0.640625 0.09375 0.125 0.890625 0.992188 0.03125 0.53125 0.867188 0.914062 0.515625 0.015625 0.46875 0.4375 0.984375 0.765625 0.648438 0 0.898438 0.40625 0.6875 0.476562 0.671875 0.296875 0.429688 0.078125 0.617188 0.921875 0.203125 0.0390625 0.625 0.546875 0.117188 0.851562 0.351562 0.695312 0.265625 0.828125 0.632812 0.796875 0.71875 0.820312 0.453125 0.5625 0.289062 0.273438 0.226562 0.757812 0.164062 0.507812 0.773438 0.34375 0.414062 0.570312 0.390625 0.0859375 0.21875 0.578125 0.195312 0.0625 0.742188 0.101562 0.609375 0.875 0.0234375 0.710938 0.140625 0.734375 0.328125 0.554688 0.90625 0.109375 0.28125 0.679688 0.242188 0.3125 0.171875 0.523438 0.835938 0.148438 0.367188 0.335938 0.460938 0.25 0.953125 0.585938 0.703125 0.257812 0.976562 0.96875 0.882812 0.398438 0.960938 0.445312 0.375 0.179688 0.132812 0.210938 ]
output:
[ -9.65563e-06 0.0078072 0.0156176 0.0234335 0.0312571 0.0390679 0.0468765 0.0546886 0.0625038 0.0703149 0.0781273 0.0859317 0.0937429 0.101568 0.109384 0.117192 0.125 0.132805 0.140625 0.148443 0.15625 0.164064 0.171873 0.179693 0.187498 0.195319 0.203123 0.210946 0.218753 0.226566 0.234378 0.242195 0.250005 0.257809 0.26562 0.27344 0.281237 0.289059 0.296886 0.304687 0.312509 0.320312 0.328123 0.335937 0.343745 0.351558 0.359378 0.367184 0.375008 0.382823 0.390633 0.398445 0.406261 0.414083 0.42187 0.429685 0.437512 0.445308 0.453126 0.460939 0.468747 0.476567 0.484379 0.492193 0.500009 0.507802 0.515635 0.523438 0.531255 0.539072 0.546887 0.554682 0.562509 0.570307 0.578115 0.585941 0.593756 0.601561 0.609378 0.617194 0.625 0.632812 0.640609 0.648433 0.656264 0.664067 0.671893 0.679698 0.687502 0.695314 0.703139 0.710935 0.718751 0.726553 0.73437 0.74219 0.750015 0.757813 0.765628 0.773432 0.781237 0.789075 0.796871 0.804688 0.812498 0.82032 0.828109 0.835956 0.843741 0.851559 0.859376 0.86718 0.875 0.882807 0.890627 0.898435 0.906263 0.914066 0.921875 0.929684 0.937515 0.945323 0.953114 0.960935 0.968754 0.97654 0.984402 0.992187 ]

Performance Analysis:
Execution time: 52560 ms

Error Analysis:
Maximum error: 2.72578e-05 (log2: -15.163)
Average error: 6.0588e-06 (log2: -17.3325)
Number of errors larger than 0.01: 0
[       OK ] DirectSort/DirectSortTestFixture/5.SortTest (60989 ms)
[----------] 1 test from DirectSort/DirectSortTestFixture/5 (60989 ms total)

[----------] 1 test from DirectSort/DirectSortTestFixture/6, where TypeParam = std::integral_constant<unsigned long,256ul>
[ RUN      ] DirectSort/DirectSortTestFixture/6.SortTest
Using Ring Dimension: 131072
