Input array size: 256
Multiplicative depth: 34
Scaling Mod: 40
Sign Configuration: CompositeSign(3, 4, 2)
Final Level: 34
input:
[ 0.613281 0.492188 0.804688 0.683594 0.160156 0.757812 0.207031 0.425781 0.878906 0.671875 0.421875 0.714844 0.367188 0.8125 0.589844 0.203125 0.539062 0.867188 0.992188 0.835938 0.863281 0.378906 0.332031 0.316406 0.0078125 0.21875 0.53125 0.0234375 0.921875 0.570312 0.871094 0.078125 0.679688 0.945312 0.953125 0.351562 0.519531 0.574219 0.957031 0.914062 0.875 0.117188 0.109375 0.972656 0.335938 0.964844 0.265625 0.734375 0.847656 0.988281 0.917969 0.785156 0.523438 0.453125 0.738281 0.00390625 0.441406 0.789062 0.0429688 0.710938 0.355469 0.324219 0.246094 0.699219 0.769531 0.609375 0.535156 0.148438 0.742188 0.0625 0.328125 0.210938 0.46875 0.949219 0.75 0.730469 0.175781 0.996094 0.03125 0.0859375 0.773438 0.277344 0.839844 0.28125 0.859375 0.507812 0.101562 0.0546875 0.824219 0.183594 0.300781 0.550781 0.390625 0.898438 0.046875 0.5 0.171875 0.617188 0.113281 0.5625 0.359375 0.179688 0.398438 0.601562 0.480469 0.375 0.4375 0.457031 0.648438 0.0703125 0.3125 0.363281 0.296875 0.414062 0.984375 0.558594 0.578125 0.496094 0.0898438 0.933594 0.636719 0.511719 0.527344 0.9375 0.289062 0.015625 0.15625 0.308594 0.59375 0.542969 0.484375 0.105469 0.722656 0.902344 0.34375 0.632812 0.832031 0.0507812 0.761719 0.515625 0.125 0.152344 0.144531 0.84375 0.753906 0.140625 0.167969 0.234375 0.0351562 0.0273438 0.0117188 0.238281 0.960938 0.925781 0.402344 0.164062 0.242188 0.257812 0.78125 0.410156 0.765625 0.625 0.214844 0.546875 0.0195312 0.128906 0.703125 0.816406 0.796875 0.652344 0.910156 0.882812 0.894531 0.691406 0.582031 0.273438 0.261719 0.695312 0.0976562 0.886719 0.640625 0.460938 0.707031 0.292969 0.132812 0.660156 0.09375 0.941406 0.472656 0.121094 0.394531 0.746094 0.226562 0.777344 0.230469 0.195312 0.0664062 0.71875 0.445312 0.929688 0.253906 0.597656 0.449219 0.566406 0.433594 0.621094 0.339844 0.304688 0.285156 0.222656 0.554688 0.269531 0.429688 0.0390625 0 0.585938 0.675781 0.644531 0.851562 0.976562 0.0742188 0.828125 0.855469 0.667969 0.199219 0.320312 0.980469 0.191406 0.90625 0.503906 0.417969 0.1875 0.488281 0.628906 0.371094 0.96875 0.792969 0.476562 0.6875 0.808594 0.890625 0.65625 0.347656 0.726562 0.464844 0.0585938 0.0820312 0.800781 0.386719 0.136719 0.664062 0.820312 0.40625 0.25 0.605469 0.382812 ]
output:
[ 1.19808e-05 0.00392759 0.00781567 0.0117077 0.0156218 0.019447 0.0235361 0.0274873 0.031312 0.0352111 0.0390276 0.0429524 0.0468808 0.0507131 0.0547141 0.0586247 0.0628299 0.0663741 0.0703136 0.0741383 0.0779509 0.082111 0.0860483 0.0898154 0.0936981 0.0975677 0.101464 0.105383 0.109489 0.113253 0.11719 0.121089 0.124996 0.129053 0.132875 0.136691 0.140684 0.144424 0.148382 0.152373 0.156194 0.159983 0.163972 0.16795 0.171837 0.175881 0.179714 0.183516 0.187405 0.191458 0.195247 0.199347 0.203236 0.207161 0.211056 0.214683 0.218608 0.222772 0.22667 0.230694 0.234224 0.238266 0.24233 0.245879 0.249912 0.254042 0.257814 0.261841 0.265486 0.269533 0.27351 0.277299 0.281219 0.285124 0.288929 0.292937 0.296738 0.300899 0.304703 0.308694 0.312394 0.316567 0.320166 0.324291 0.328161 0.331986 0.33593 0.33979 0.34382 0.347502 0.351497 0.355663 0.359225 0.363374 0.366887 0.371215 0.375035 0.379058 0.382767 0.386716 0.390837 0.394454 0.398455 0.402577 0.406235 0.410395 0.414027 0.417905 0.421995 0.425715 0.429709 0.433507 0.437494 0.441391 0.445151 0.449216 0.45316 0.457047 0.460898 0.464873 0.468765 0.472641 0.47642 0.480453 0.484433 0.488313 0.492212 0.495943 0.500115 0.503902 0.507867 0.511873 0.515556 0.51961 0.523299 0.527354 0.531222 0.535181 0.538957 0.542979 0.546781 0.55089 0.554663 0.558799 0.562379 0.566536 0.570287 0.574238 0.578141 0.582088 0.58582 0.589832 0.593486 0.597722 0.601697 0.605411 0.609343 0.613317 0.617233 0.621382 0.624967 0.628943 0.632879 0.636631 0.64069 0.64445 0.648429 0.652295 0.656329 0.660066 0.664101 0.668043 0.671954 0.675652 0.679948 0.683613 0.687628 0.691439 0.695411 0.699432 0.70314 0.706955 0.710414 0.715028 0.718685 0.722888 0.726587 0.730383 0.734363 0.738385 0.741948 0.746034 0.750076 0.75426 0.757679 0.761734 0.765512 0.769578 0.773292 0.777638 0.781189 0.785153 0.788942 0.79288 0.797282 0.800622 0.804696 0.808619 0.812544 0.816261 0.820412 0.824399 0.827938 0.832167 0.835592 0.840068 0.844204 0.847703 0.851644 0.855347 0.859307 0.863183 0.867101 0.871118 0.87505 0.878872 0.882886 0.886786 0.890695 0.894183 0.899405 0.902142 0.90641 0.910095 0.914076 0.918363 0.921644 0.925673 0.929679 0.933459 0.93752 0.941409 0.945469 0.949145 0.953501 0.957005 0.96075 0.965023 0.968742 0.97271 0.976575 0.980499 0.984232 0.988244 0.991955 0.995962 ]

Performance Analysis:
Execution time: 77637 ms

Error Analysis:
Maximum error: 0.000967435 (log2: -10.0135)
Average error: 9.81229e-05 (log2: -13.3151)
Number of errors larger than 0.01: 0
[       OK ] DirectSort/DirectSortTestFixture/6.SortTest (88742 ms)
[----------] 1 test from DirectSort/DirectSortTestFixture/6 (88742 ms total)

[----------] 1 test from DirectSort/DirectSortTestFixture/7, where TypeParam = std::integral_constant<unsigned long,512ul>
[ RUN      ] DirectSort/DirectSortTestFixture/7.SortTest
Using Ring Dimension: 131072
