Input array size: 625
Using Ring Dimension: 131072
Multiplicative depth: 40
Scaling Mod: 59
 == stage 0 == 
5 4 0 0 0
Level 7
 == End stage 0 == 
 == stage 1 == 
5 4 0 1 0
Level 7
 == End stage 1 == 
 == stage 2 == 
5 4 1 0 1
Level 7
 == End stage 2 == 
 == stage 3 == 
5 4 1 0 2
Level 7
 == End stage 3 == 
 == stage 4 == 
5 4 1 0 3
Level 7
 == End stage 4 == 
 == stage 5 == 
5 4 0 2 0
Level 7
 == End stage 5 == 
 == stage 6 == 
5 4 1 1 1
Level 7
 == End stage 6 == 
 == stage 7 == 
5 4 1 1 2
Level 7
 == End stage 7 == 
 == stage 8 == 
5 4 1 1 3
Level 7
 == End stage 8 == 
 == stage 9 == 
5 4 2 0 1
Level 7
 == End stage 9 == 
 == stage 10 == 
5 4 2 0 2
Level 7
 == End stage 10 == 
 == stage 11 == 
5 4 2 0 3
Level 7
 == End stage 11 == 
 == stage 12 == 
5 4 0 3 0
Level 7
 == End stage 12 == 
 == stage 13 == 
5 4 1 2 1
Level 7
 == End stage 13 == 
 == stage 14 == 
5 4 1 2 2
Level 7
 == End stage 14 == 
 == stage 15 == 
5 4 1 2 3
Level 7
 == End stage 15 == 
 == stage 16 == 
5 4 2 1 1
Level 7
 == End stage 16 == 
 == stage 17 == 
5 4 2 1 2
Level 7
 == End stage 17 == 
 == stage 18 == 
5 4 2 1 3
Level 7
 == End stage 18 == 
 == stage 19 == 
5 4 3 0 1
Level 7
 == End stage 19 == 
 == stage 20 == 
5 4 3 0 2
Level 7
 == End stage 20 == 
 == stage 21 == 
5 4 3 0 3
Level 7
 == End stage 21 == 
Level of output: 28
[ -5.15844e-05 0.00140185 0.00310875 0.00455007 0.00645393 0.00745323 0.0093825 0.0109548 0.0126491 0.0141761 0.0159022 0.0174548 0.0190864 0.0206259 0.0223918 0.023811 0.0254703 0.0270831 0.0284869 0.0303872 0.0316331 0.033472 0.0350241 0.0368068 0.0382748 0.0399026 0.0414433 0.043097 0.0445958 0.0462353 0.0478604 0.0492293 0.0512297 0.0526217 0.054256 0.0558018 0.0573898 0.0591411 0.0605951 0.0622029 0.0638714 0.0656183 0.0667621 0.0688093 0.0701965 0.0718657 0.0734515 0.0750827 0.0767988 0.0783922 0.0798201 0.0815124 0.0830925 0.084856 0.0861034 0.0877433 0.0892551 0.0910373 0.0927459 0.0942618 0.0957716 0.0974331 0.0991639 0.100604 0.102281 0.103811 0.105459 0.107228 0.108492 0.110306 0.111795 0.113539 0.115177 0.116529 0.118294 0.119916 0.121435 0.123039 0.124805 0.126236 0.127864 0.129417 0.131065 0.13254 0.134377 0.135757 0.137301 0.139075 0.14072 0.142097 0.143812 0.145368 0.147015 0.14875 0.150114 0.151968 0.153472 0.155013 0.156799 0.15823 0.159771 0.16153 0.163173 0.164712 0.166316 0.167873 0.169392 0.171054 0.172709 0.174369 0.175812 0.177524 0.178946 0.180885 0.181944 0.183987 0.185457 0.187342 0.188449 0.190311 0.19178 0.193374 0.195142 0.196592 0.198074 0.199835 0.201455 0.203022 0.20458 0.206548 0.207932 0.209469 0.211205 0.212564 0.214405 0.216122 0.21743 0.21906 0.220683 0.222201 0.223797 0.225442 0.227104 0.228714 0.230398 0.231795 0.23336 0.235066 0.236851 0.238151 0.239776 0.241442 0.243038 0.244677 0.246283 0.247853 0.249303 0.251037 0.252595 0.254322 0.255735 0.257313 0.259299 0.260714 0.262335 0.263844 0.265523 0.267283 0.268612 0.270305 0.271748 0.273552 0.274904 0.27686 0.277885 0.280136 0.281286 0.283286 0.284616 0.286315 0.287845 0.289487 0.291129 0.292461 0.294356 0.295742 0.297526 0.298812 0.30079 0.302371 0.303787 0.305411 0.307022 0.308633 0.310254 0.311843 0.313588 0.315159 0.316618 0.318147 0.319699 0.321559 0.323007 0.324668 0.326197 0.327988 0.329164 0.331139 0.332384 0.334521 0.335759 0.33754 0.339115 0.340573 0.342386 0.343937 0.345213 0.347165 0.348763 0.350258 0.351916 0.353361 0.355094 0.356694 0.35812 0.359965 0.361431 0.363129 0.364728 0.366222 0.367939 0.369577 0.37096 0.372824 0.374283 0.37561 0.377649 0.378951 0.380816 0.382038 0.384105 0.38538 0.387167 0.38894 0.390324 0.391769 0.393463 0.395 0.396672 0.398246 0.399751 0.401422 0.402986 0.404694 0.406304 0.407815 0.409302 0.411269 0.412637 0.414365 0.415961 0.417635 0.419177 0.420722 0.42248 0.423803 0.425402 0.427118 0.428474 0.43034 0.431774 0.433526 0.435025 0.436783 0.438155 0.439965 0.441379 0.443123 0.444558 0.446165 0.447778 0.449402 0.451227 0.452704 0.454344 0.455725 0.457385 0.459135 0.460605 0.462287 0.463911 0.465699 0.466758 0.468708 0.470144 0.471942 0.473491 0.475052 0.476736 0.478215 0.479825 0.481533 0.483062 0.484504 0.486368 0.488002 0.489493 0.491278 0.492803 0.494294 0.4958 0.497511 0.499088 0.500673 0.502195 0.503927 0.505555 0.507039 0.508718 0.510233 0.511979 0.513319 0.515057 0.51669 0.518276 0.519897 0.521403 0.522953 0.524824 0.526204 0.527754 0.529485 0.530869 0.532624 0.534031 0.536028 0.53738 0.539288 0.540441 0.542381 0.543927 0.54542 0.547146 0.54872 0.550425 0.551766 0.553389 0.554947 0.556435 0.558221 0.559667 0.561469 0.562957 0.564888 0.566267 0.567851 0.569512 0.571137 0.572524 0.574324 0.575862 0.577453 0.57923 0.580661 0.582289 0.583769 0.585297 0.587043 0.588789 0.590306 0.591811 0.593412 0.595229 0.59663 0.598314 0.59963 0.601458 0.602973 0.604937 0.606219 0.607844 0.609532 0.611075 0.612624 0.614421 0.615639 0.617367 0.619205 0.62066 0.622158 0.623831 0.625547 0.627194 0.628613 0.630417 0.631825 0.633484 0.635194 0.636877 0.63818 0.639785 0.641467 0.643155 0.64473 0.64655 0.647666 0.649542 0.651032 0.652689 0.654191 0.655837 0.657523 0.659249 0.66074 0.662285 0.664107 0.665363 0.667221 0.66851 0.670299 0.671784 0.67375 0.675 0.676706 0.678304 0.67984 0.681331 0.682958 0.684703 0.685983 0.687992 0.68925 0.690991 0.692676 0.694193 0.69602 0.697197 0.699064 0.700489 0.702315 0.70396 0.705385 0.707108 0.708496 0.710285 0.711971 0.713453 0.714971 0.716891 0.718088 0.719963 0.7212 0.723034 0.72481 0.72634 0.727746 0.729275 0.730977 0.732619 0.734288 0.735848 0.73756 0.739237 0.7406 0.742132 0.744128 0.745094 0.74714 0.748762 0.750178 0.7519 0.753365 0.754991 0.756824 0.757925 0.75985 0.761245 0.763137 0.764657 0.766165 0.767614 0.769322 0.771037 0.772784 0.774319 0.775858 0.777439 0.779083 0.780729 0.782264 0.783809 0.785575 0.787002 0.788659 0.790151 0.791929 0.793636 0.79503 0.796546 0.798125 0.800073 0.801525 0.803001 0.804794 0.806224 0.807878 0.80946 0.811107 0.812692 0.814526 0.815515 0.817783 0.818795 0.820815 0.822377 0.823746 0.825581 0.827008 0.828606 0.830344 0.831726 0.833205 0.834883 0.836765 0.838259 0.839884 0.841395 0.843137 0.84459 0.846124 0.847955 0.849441 0.851106 0.852724 0.854229 0.855844 0.857444 0.859095 0.860723 0.862334 0.863923 0.86551 0.86701 0.868838 0.870225 0.871823 0.873434 0.875039 0.876723 0.87834 0.879694 0.881404 0.88298 0.884566 0.886382 0.887852 0.889485 0.891082 0.892634 0.894304 0.895956 0.897452 0.898937 0.90047 0.902546 0.903745 0.905267 0.907165 0.908628 0.910358 0.911887 0.91341 0.915071 0.91667 0.918124 0.919779 0.921523 0.923188 0.924751 0.926313 0.927962 0.929504 0.931123 0.932611 0.934324 0.935914 0.937427 0.939095 0.940602 0.942346 0.943841 0.945498 0.946919 0.948444 0.950325 0.951776 0.953455 0.955026 0.956639 0.958274 0.959894 0.961537 0.963026 0.964843 0.966213 0.967878 0.969317 0.971008 0.972683 0.974281 0.975691 0.977477 0.979111 0.980703 0.982159 0.984039 0.985468 0.987059 0.988642 0.990306 0.99183 0.993576 0.995064 0.996645 0.998213 -0.000106096 -0.000133766 -0.000129801 -0.000100999 5.73656e-05 -0.000157066 -1.96505e-05 -8.37817e-05 4.63948e-05 -0.000212132 -3.73838e-06 -0.000154697 -5.06263e-05 -0.000129277 -3.01786e-05 -0.000188198 4.31931e-05 -0.000219592 -1.82862e-05 -6.58598e-05 -4.09016e-05 -6.87932e-05 -8.60695e-05 -8.59728e-06 -1.89488e-05 1.09624e-05 1.4216e-05 3.32627e-05 9.69608e-08 -2.3768e-05 -0.000133529 -0.000179914 -9.90459e-05 -0.000175685 -4.22288e-05 -0.000186245 -0.000154731 -5.32355e-05 -8.66773e-05 -6.21278e-05 6.83062e-06 -0.000191249 -0.000176199 -2.36771e-05 -5.70485e-05 -6.21323e-05 -0.000207881 5.11747e-05 -8.08617e-05 -7.55369e-05 -0.000131698 2.94717e-05 -2.0989e-05 -2.05586e-05 -8.83799e-05 -9.27908e-05 -0.000195082 -0.000228543 1.31859e-05 8.67315e-05 -7.4699e-05 -0.000205901 -0.000211432 -0.00013737 -4.30149e-05 -0.00018869 -4.9419e-05 -3.91621e-05 -0.000170208 -4.25849e-05 2.01356e-05 -0.000189173 -0.000122229 -0.000110191 -4.98498e-05 -0.000115181 -0.000110462 -4.0891e-05 4.47554e-05 -7.7817e-05 -5.37597e-05 -7.67854e-05 -4.12095e-05 -0.000158075 -0.000103346 -2.65025e-06 -0.000100074 3.35588e-05 -4.21893e-05 3.34329e-06 -2.81328e-05 -0.000154233 -0.000104918 -1.07541e-05 -6.64262e-05 -5.5138e-06 -9.86081e-05 -0.000100132 -8.7201e-05 -6.00003e-05 -0.000157673 -0.000160399 -0.00018619 -3.3399e-05 -7.4596e-06 -1.76898e-05 -5.87389e-05 -0.0002109 7.31115e-06 -7.25381e-05 -5.2802e-05 -0.000136785 -0.00013271 -8.94046e-05 -1.90128e-05 3.40527e-05 -0.00011361 -0.00011328 1.86544e-05 5.14479e-05 6.00629e-05 -9.69197e-05 0.000104135 -8.89005e-05 -2.83187e-05 -9.16414e-05 -0.000103761 5.84172e-06 -2.49174e-06 -0.00013265 -8.70221e-05 -0.000129453 -0.000181392 -8.90991e-05 -1.76852e-06 -0.000102534 4.77376e-05 -0.000125029 -0.000106252 9.15729e-05 5.70021e-05 -0.000109155 -9.11419e-05 -0.00016158 -0.000133713 -7.6251e-05 -0.000103958 -7.38148e-05 6.56379e-05 -1.00764e-05 -6.13881e-05 -1.06929e-05 -0.000114241 -0.000101915 -3.69736e-06 1.85336e-05 3.03288e-05 -1.21012e-05 -0.000239557 -0.000142055 -0.000119211 1.19857e-05 -0.000192616 -9.44316e-05 -4.73484e-05 -3.40213e-05 -0.000177337 -3.70432e-05 -0.000159349 -4.7282e-05 -0.0001243 -9.17749e-05 -9.33581e-05 -0.00010077 -7.22185e-05 -0.000179755 -0.000178789 -0.000116628 -7.02497e-05 -4.49622e-05 -1.11061e-06 -4.69522e-05 -0.000105612 8.86274e-05 -0.000120764 -0.00020732 -0.000118379 -4.2302e-05 -3.58677e-05 -9.22086e-05 -7.70406e-05 -7.19785e-05 -1.91727e-05 -6.5185e-06 -7.41808e-05 -6.68036e-05 -9.04523e-05 -8.32692e-05 -0.000215555 -5.27301e-05 -1.82492e-05 -9.2387e-05 -0.000117186 -1.09981e-05 -8.25907e-05 -7.25708e-05 5.17724e-05 -7.262e-05 -6.57722e-05 -0.000107727 -1.42184e-05 -5.1138e-05 -9.38248e-05 -0.000106675 -0.000115822 -0.000217841 -2.81746e-05 -0.000225986 -0.000108375 -3.24359e-05 -7.25304e-05 1.5842e-05 -0.00010205 -3.67835e-05 -6.50821e-05 -6.29683e-05 -6.19627e-05 -0.000109881 3.42392e-06 -1.25021e-05 -0.000125562 -0.000155966 -3.55293e-05 1.69165e-05 -9.88529e-05 -6.20591e-05 2.82847e-05 -0.000220288 -9.96939e-06 3.49819e-05 -7.7915e-05 -0.00012787 -0.00011347 -0.000149745 -5.12161e-05 -0.000163248 -0.000179845 -0.000108223 8.84715e-05 -0.00011581 -5.41393e-05 -0.000110571 -1.2715e-05 -1.7437e-05 -6.38339e-05 -2.83378e-05 1.22209e-05 6.64597e-06 3.07223e-05 -0.000105373 -1.52785e-06 -6.87932e-06 -0.000123573 -7.47128e-05 5.18367e-05 -0.000124672 -6.575e-05 3.78845e-05 -4.88511e-05 9.85232e-06 -9.5018e-05 -3.14383e-05 -4.68417e-05 -0.000145125 -0.000132575 -5.38623e-05 -0.000133174 -4.099e-05 -4.34219e-05 4.70997e-05 -0.000183817 -7.89594e-05 -0.000207643 8.57201e-07 -0.00010792 -0.000137458 8.50986e-05 -5.74542e-05 -1.69014e-06 -9.49528e-05 -0.000168366 -6.17962e-05 -0.000100843 -0.000139357 -6.28157e-05 5.23557e-05 -7.66035e-05 -0.000124712 -2.97614e-05 -5.56529e-05 -0.000107686 -0.000276972 9.95838e-06 9.273e-05 -0.000108406 5.36313e-06 -9.43605e-05 -4.60561e-05 -0.000178111 -0.000183086 -0.000140383 -3.55356e-05 -0.00021274 -3.35194e-05 -2.56239e-05 -4.70805e-06 -0.000148738 -0.000246184 -8.31022e-05 -0.000147942 -5.73846e-06 1.40789e-05 1.96287e-06 -1.40209e-05 -2.17051e-05 -0.000138895 -0.000106066 3.2008e-05 -0.000103251 -6.37691e-05 -0.000133101 -0.000160145 -3.07214e-05 -2.07184e-05 -8.6946e-05 -4.93164e-05 -8.70815e-05 -3.3828e-05 -0.000141379 -7.26261e-05 -0.000114082 -1.79358e-05 -0.00018593 -0.000180668 -6.8051e-05 -8.64629e-05 -3.56896e-05 -2.05903e-05 -9.67813e-05 -3.69757e-05 -0.000103528 -2.58088e-05 9.1664e-08 -0.000162901 -7.47565e-06 -0.000175778 -0.000132821 -1.69066e-05 -0.000139908 3.96235e-05 1.01753e-05 -0.000118018 -0.0001889 -6.02116e-05 -0.000165776 -0.000108588 -3.54569e-05 -4.75013e-05 -6.93123e-05 -0.000184159 -2.9614e-05 4.65156e-05 3.65157e-05 -7.27433e-06 -1.78408e-05 -3.50572e-05 -0.000245239 -4.3204e-05 -0.000164477 -0.000107331 -0.000160381 -0.000188713 -3.14429e-05 -4.33034e-06 1.44804e-05 -0.000117932 -8.75225e-06 -7.95625e-05 2.29648e-05 -6.05834e-05 -5.8564e-05 -3.68829e-05 -7.09971e-05 4.02388e-06 -5.41015e-05 0.00012946 4.3218e-05 -2.64512e-05 -6.38137e-05 ]: ctxt_out Level: 28, LogPrecision: 14
Result Level: 28

Performance Analysis:
Execution time: 4494382 ms

Error Analysis:
Maximum error: 0.00060522 (log2: -10.6903)
Average error: 0.000151275 (log2: -12.6905)
Number of errors >= 0.01: 0
[       OK ] KWaySortTestFixture/2.SortTest (4516039 ms)
[----------] 1 test from KWaySortTestFixture/2 (4516039 ms total)

[----------] Global test environment tear-down
[==========] 3 tests from 3 test suites ran. (6915964 ms total)
[  PASSED  ] 3 tests.
