Input array size: 729
Using Ring Dimension: 131072
Multiplicative depth: 40
Scaling Mod: 59
 == stage 0 == 
3 6 0 0 0
Level 5
 == End stage 0 == 
 == stage 1 == 
3 6 0 1 0
Level 5
 == End stage 1 == 
 == stage 2 == 
3 6 1 0 1
Level 5
 == End stage 2 == 
 == stage 3 == 
3 6 1 0 2
Level 5
 == End stage 3 == 
 == stage 4 == 
3 6 0 2 0
Level 5
 == End stage 4 == 
 == stage 5 == 
3 6 1 1 1
Level 5
 == End stage 5 == 
 == stage 6 == 
3 6 1 1 2
Level 5
 == End stage 6 == 
 == stage 7 == 
3 6 2 0 1
Level 5
 == End stage 7 == 
 == stage 8 == 
3 6 2 0 2
Level 5
 == End stage 8 == 
 == stage 9 == 
3 6 0 3 0
Level 5
 == End stage 9 == 
 == stage 10 == 
3 6 1 2 1
Level 5
 == End stage 10 == 
 == stage 11 == 
3 6 1 2 2
Level 5
 == End stage 11 == 
 == stage 12 == 
3 6 2 1 1
Level 5
 == End stage 12 == 
 == stage 13 == 
3 6 2 1 2
Level 5
 == End stage 13 == 
 == stage 14 == 
3 6 3 0 1
Level 5
 == End stage 14 == 
 == stage 15 == 
3 6 3 0 2
Level 5
 == End stage 15 == 
 == stage 16 == 
3 6 0 4 0
Level 5
 == End stage 16 == 
 == stage 17 == 
3 6 1 3 1
Level 5
 == End stage 17 == 
 == stage 18 == 
3 6 1 3 2
Level 5
 == End stage 18 == 
 == stage 19 == 
3 6 2 2 1
Level 5
 == End stage 19 == 
 == stage 20 == 
3 6 2 2 2
Level 5
 == End stage 20 == 
 == stage 21 == 
3 6 3 1 1
Level 5
 == End stage 21 == 
 == stage 22 == 
3 6 3 1 2
Level 5
 == End stage 22 == 
 == stage 23 == 
3 6 4 0 1
Level 5
 == End stage 23 == 
 == stage 24 == 
3 6 4 0 2
Level 5
 == End stage 24 == 
 == stage 25 == 
3 6 0 5 0
Level 5
 == End stage 25 == 
 == stage 26 == 
3 6 1 4 1
Level 5
 == End stage 26 == 
 == stage 27 == 
3 6 1 4 2
Level 5
 == End stage 27 == 
 == stage 28 == 
3 6 2 3 1
Level 5
 == End stage 28 == 
 == stage 29 == 
3 6 2 3 2
Level 5
 == End stage 29 == 
 == stage 30 == 
3 6 3 2 1
Level 5
 == End stage 30 == 
 == stage 31 == 
3 6 3 2 2
Level 5
 == End stage 31 == 
 == stage 32 == 
3 6 4 1 1
Level 5
 == End stage 32 == 
 == stage 33 == 
3 6 4 1 2
Level 5
 == End stage 33 == 
 == stage 34 == 
3 6 5 0 1
Level 5
 == End stage 34 == 
 == stage 35 == 
3 6 5 0 2
Level 5
 == End stage 35 == 
Level of output: 36
[ -0.000368819 0.0006891 0.00221417 0.00355116 0.00511754 0.00592106 0.00760375 0.00901326 0.0105345 0.0117353 0.012995 0.014519 0.016 0.0169548 0.0185771 0.0200981 0.0214078 0.0230445 0.023862 0.0252915 0.0269391 0.0282948 0.0295428 0.0310252 0.0324168 0.0337512 0.0348537 0.0367147 0.037929 0.0392198 0.0405866 0.0419402 0.0433895 0.0446545 0.0461458 0.0472772 0.0489273 0.0502449 0.0513071 0.0529585 0.0541723 0.0555795 0.0571477 0.0584683 0.0599357 0.0607979 0.0629112 0.0637342 0.0654195 0.066462 0.0678718 0.069443 0.0707118 0.0720809 0.0733433 0.074693 0.0765229 0.0776791 0.0793117 0.080195 0.0818267 0.0831324 0.0846017 0.0857611 0.0874141 0.088555 0.0897684 0.0914088 0.0927398 0.094073 0.0952566 0.0969483 0.0979777 0.0996662 0.101161 0.101626 0.10389 0.105108 0.10628 0.107693 0.109455 0.110184 0.111849 0.113543 0.114759 0.11566 0.117048 0.118946 0.120094 0.121453 0.122591 0.124287 0.125521 0.127142 0.128215 0.129949 0.1309 0.132356 0.133903 0.135193 0.136414 0.137962 0.139229 0.14067 0.142164 0.143309 0.144917 0.146077 0.147623 0.14892 0.150361 0.151783 0.153351 0.154333 0.155805 0.157117 0.158595 0.159791 0.161441 0.16294 0.163973 0.165446 0.166608 0.168221 0.169727 0.170765 0.172389 0.173723 0.174884 0.176416 0.177581 0.179097 0.180556 0.181889 0.183121 0.184578 0.186026 0.187564 0.188374 0.190422 0.191219 0.192839 0.194114 0.195392 0.19691 0.198346 0.199797 0.200984 0.202525 0.203937 0.204733 0.206364 0.208066 0.2093 0.211073 0.212153 0.213295 0.21486 0.21641 0.217407 0.218923 0.220638 0.221234 0.223012 0.22424 0.225582 0.227169 0.228462 0.229903 0.231181 0.232549 0.234261 0.235085 0.236924 0.238279 0.239677 0.241178 0.242084 0.243582 0.24519 0.246191 0.247742 0.249108 0.250489 0.252163 0.252927 0.254647 0.255861 0.257298 0.258625 0.26019 0.261418 0.262946 0.26381 0.265682 0.266767 0.26839 0.269883 0.270988 0.272291 0.273762 0.27541 0.276649 0.278297 0.278639 0.280454 0.281913 0.283708 0.28475 0.286305 0.28742 0.288939 0.290011 0.291669 0.293194 0.294501 0.295637 0.297474 0.298199 0.299847 0.301388 0.302586 0.304063 0.30533 0.306814 0.30802 0.30945 0.310544 0.312348 0.313478 0.315071 0.316462 0.317775 0.31916 0.320385 0.321762 0.323234 0.32477 0.325485 0.327278 0.328385 0.329924 0.331581 0.333033 0.33407 0.335612 0.336862 0.338354 0.339821 0.340951 0.342399 0.343647 0.344929 0.346409 0.348047 0.348948 0.350821 0.351838 0.353297 0.354474 0.356168 0.357539 0.35881 0.360442 0.361648 0.362972 0.364184 0.365559 0.367327 0.368386 0.369889 0.371019 0.37261 0.373911 0.375331 0.3767 0.378195 0.379311 0.380913 0.38213 0.383501 0.384869 0.386575 0.38761 0.388885 0.390567 0.391896 0.39304 0.394419 0.395741 0.397083 0.3987 0.399957 0.401519 0.402684 0.404336 0.405282 0.406915 0.408424 0.409449 0.410841 0.412516 0.413526 0.415332 0.416351 0.417844 0.419015 0.420506 0.422025 0.423182 0.425097 0.425706 0.427617 0.428848 0.43041 0.431288 0.433368 0.433717 0.43576 0.437022 0.43859 0.4399 0.440819 0.442857 0.443376 0.445258 0.447058 0.447839 0.449405 0.450652 0.452141 0.453748 0.454604 0.456285 0.457618 0.459137 0.460523 0.461863 0.462953 0.464332 0.465874 0.467199 0.468631 0.469879 0.471382 0.472353 0.474297 0.475268 0.47675 0.478541 0.479722 0.480551 0.48226 0.483764 0.485051 0.486499 0.487703 0.488963 0.490969 0.491574 0.493261 0.494831 0.496195 0.497197 0.498961 0.500688 0.500948 0.502775 0.504767 0.504903 0.507014 0.508462 0.509623 0.510871 0.512682 0.513744 0.515135 0.516686 0.51808 0.519154 0.520706 0.522102 0.523381 0.525206 0.526113 0.527575 0.528978 0.530289 0.531676 0.533052 0.534465 0.535815 0.537169 0.538415 0.539919 0.54095 0.542584 0.544194 0.545193 0.546909 0.548038 0.549656 0.550596 0.552389 0.553948 0.554935 0.556274 0.557879 0.558943 0.560501 0.561927 0.563185 0.564733 0.565881 0.567514 0.568601 0.570465 0.571235 0.57282 0.574067 0.575724 0.57693 0.578138 0.579881 0.580978 0.582378 0.58381 0.585114 0.586451 0.587869 0.589411 0.590838 0.592158 0.593192 0.59512 0.595964 0.597412 0.599061 0.60037 0.601573 0.602896 0.604173 0.605744 0.607066 0.608502 0.609662 0.610991 0.612626 0.614159 0.61546 0.616457 0.618238 0.619737 0.621054 0.621931 0.6238 0.625203 0.626459 0.627894 0.628729 0.630494 0.63176 0.633536 0.63485 0.635892 0.637215 0.638701 0.640098 0.641345 0.642579 0.644122 0.645878 0.646628 0.648522 0.649715 0.651233 0.652608 0.653811 0.654958 0.656515 0.657784 0.659557 0.660498 0.661904 0.66306 0.664926 0.666142 0.667281 0.669071 0.670405 0.671658 0.673026 0.674233 0.675712 0.677064 0.678427 0.679647 0.681263 0.682415 0.684129 0.685103 0.686543 0.688386 0.688938 0.69053 0.692296 0.693422 0.695049 0.696176 0.697723 0.698866 0.700515 0.701942 0.70332 0.704341 0.705782 0.707343 0.70842 0.71029 0.711918 0.712686 0.714313 0.71575 0.716766 0.718311 0.719424 0.721208 0.722347 0.723423 0.725132 0.726719 0.727822 0.72924 0.730498 0.732115 0.73323 0.734755 0.735755 0.73758 0.738866 0.740225 0.741612 0.743137 0.744116 0.745715 0.747067 0.748347 0.750094 0.751246 0.752587 0.754301 0.755336 0.756832 0.758046 0.759431 0.760614 0.762253 0.763502 0.764963 0.765992 0.767781 0.769031 0.77034 0.771664 0.773699 0.773919 0.776027 0.77728 0.778615 0.780002 0.781445 0.782594 0.784157 0.785079 0.786902 0.788053 0.789515 0.790779 0.792589 0.793811 0.794988 0.796708 0.797627 0.799291 0.800904 0.801896 0.803392 0.804716 0.806106 0.807468 0.808945 0.809941 0.811928 0.812704 0.81441 0.815397 0.816965 0.818334 0.819718 0.820894 0.822624 0.823566 0.825007 0.82672 0.828071 0.829471 0.830824 0.832329 0.833289 0.834686 0.836007 0.837618 0.838863 0.840529 0.841557 0.842975 0.844605 0.845692 0.847402 0.848487 0.849715 0.851412 0.852523 0.854047 0.855632 0.856811 0.858055 0.859594 0.861133 0.862274 0.86363 0.864836 0.866421 0.86787 0.869263 0.870521 0.871854 0.87316 0.874739 0.875938 0.877431 0.878847 0.880018 0.881619 0.882774 0.884181 0.885698 0.886857 0.88825 0.889643 0.891195 0.89259 0.893859 0.895268 0.896404 0.898048 0.899282 0.9006 0.901923 0.903513 0.90471 0.906043 0.90748 0.90882 0.910148 0.911464 0.91328 0.914221 0.915786 0.916937 0.918402 0.920113 0.921179 0.922547 0.924214 0.925244 0.927048 0.927983 0.929372 0.930749 0.932135 0.934213 0.934502 0.936695 0.937361 0.939063 0.940391 0.941783 0.943424 0.944526 0.94586 0.947159 0.948844 0.94972 0.951439 0.952875 0.954116 0.955876 0.956845 0.958306 0.9595 0.961621 0.962202 0.96373 0.965425 0.966248 0.967745 0.969438 0.970446 0.971821 0.97375 0.974691 0.976248 0.977562 0.978623 0.980141 0.981716 0.982929 0.984317 0.985818 0.986938 0.988706 0.989845 0.991145 0.992787 0.993788 0.995612 0.996627 0.997979 -0.000133637 -7.30615e-05 -0.000132896 -0.00020488 -0.000205905 -0.000152234 -0.000254792 -0.00011915 -0.000246421 -0.000323919 3.91016e-05 -0.000245702 -0.000233662 -0.000192825 -0.00044985 -0.000201928 -0.000230814 -0.000120622 -5.39291e-06 -9.33537e-05 -0.000267725 -1.34687e-05 -0.000261142 -0.000247491 -0.000183652 -0.000101439 -4.04676e-05 1.6355e-05 -0.000136976 -7.68148e-05 -0.000107943 -0.000268884 -4.47331e-05 -5.78532e-05 -0.000118349 -0.000201093 -0.000145845 6.77339e-06 -0.000272531 -0.000275754 -0.000145088 -0.000271455 -0.000157454 -7.24543e-05 -0.000226244 -0.000298205 -0.000173549 -0.000259804 -0.000189862 -0.000296773 -0.000225266 -0.000179949 -0.000227331 -0.00016896 -2.90506e-05 -0.000230202 -0.000366618 6.39667e-05 -0.000458867 -0.000233444 -0.000273223 -0.000347198 -0.000151528 -0.000316485 -0.00011735 -0.00029563 -5.21423e-05 -0.000112213 -0.000194845 -0.000159117 -6.5778e-05 -9.62546e-05 -0.000228201 -0.000120889 -0.000156054 -0.000315583 -0.000154703 -8.68229e-05 -0.000244244 -0.000205385 -0.000342851 -1.79754e-05 -0.000123061 -0.000143543 -2.21794e-05 -0.000218699 -0.000183288 -0.000218088 -0.000130391 -0.000146717 -0.000343881 -5.42696e-05 -0.000199915 -0.00024534 -0.000319589 -0.000180657 -0.000135858 -9.91072e-05 -0.00014014 -0.00021894 -0.000188461 -0.000287208 -0.000259368 -0.000114368 -0.000302033 -0.000420226 -0.000234053 -9.89253e-05 -0.000221785 -0.0003366 -0.000284509 -4.65568e-05 -0.000233947 -0.000223031 -0.000361549 -7.20234e-05 -0.000173752 -6.446e-05 -8.24785e-05 -0.000148779 -0.000291059 -0.000241529 -4.20244e-05 -0.000146869 -0.00019372 -1.46086e-05 -0.000240345 -0.000314097 -0.000271476 -0.000232242 -0.000162908 -0.000341233 -1.90591e-05 -0.000268151 -0.000272338 -9.95132e-05 -0.000246338 -0.000346593 -0.000134621 -0.000106773 1.7567e-05 -0.000249095 2.98955e-05 -0.000216501 -0.000230873 -0.000324395 -0.000233367 -0.00016881 -0.000343014 -0.000105118 -0.000187397 -7.23913e-05 4.32781e-05 -0.000149025 -0.000209961 -0.000172776 -8.46157e-05 -2.17683e-05 -0.000206365 -0.000155279 -0.0001625 -0.00031408 -4.74656e-05 -5.19614e-05 -0.000338679 -0.000101317 -0.00025051 -0.000202125 -0.000296153 -0.000316852 -0.000176275 -0.000323072 -0.000200164 -0.00022963 -0.000412493 -9.63281e-05 -0.000199759 -6.58041e-05 -0.000214031 -0.000248451 -0.000135119 -0.000163138 -8.46973e-05 -0.000133616 -0.000127991 -0.000223074 -0.00035662 -5.10938e-05 -0.000246286 -0.00024352 -0.000135873 -1.38762e-05 -0.000179213 -0.000193714 -0.000100503 -9.44375e-05 -0.000111801 -5.8385e-05 -0.000109553 -0.000447545 -0.000320994 -8.82107e-05 -0.000121207 -0.000191167 -0.000190446 -0.000155451 -0.00024208 -0.00015188 -0.000316914 -0.000163134 -0.000276105 -0.000492434 -0.000103289 -0.00026645 -9.69355e-05 -0.00014998 -0.000195273 -9.28932e-05 -0.000267954 -0.000382866 -0.000119975 -0.000266822 -0.000301522 -0.000317936 -0.000254713 -0.000103631 -0.000171065 -0.000116006 -0.000232416 -0.00027389 -0.000167721 -0.000324805 -0.000136133 -0.00016661 4.45117e-05 -4.10202e-05 -0.000247245 -0.000151206 -0.000231147 -0.000142864 -0.000178113 -0.000303546 -0.00012411 -0.000359431 0.000137172 -0.000227662 -9.18807e-05 -0.000271018 -0.000138107 -0.000295716 -0.000285004 -0.0001496 -0.000210904 -0.000349518 -0.000169192 -0.000224309 -3.34051e-05 -0.00022218 -0.000228153 -0.000174524 -0.00015179 -0.00012657 -0.000169473 -0.000247695 -0.000191213 -1.82757e-05 -0.000198501 -0.000273544 -0.000137009 -0.000224971 -0.00017209 -0.000203321 -0.00016955 1.07939e-05 -7.42793e-05 -0.000139868 -0.000226718 -5.949e-05 -0.000149324 -0.000161527 -0.000299428 -0.000175617 -0.000250249 -0.000178099 -6.9562e-05 0.000117754 -0.000201174 -0.000272668 -0.00032286 -9.06261e-05 2.33998e-05 -0.000102616 -0.000118209 -0.00012763 -0.000370408 ]: ctxt_out Level: 36, LogPrecision: 13
Result Level: 36

Performance Analysis:
Execution time: 3788959 ms

Error Analysis:
Maximum error: 0.00131723 (log2: -9.56828)
Average error: 0.00056089 (log2: -10.8)
Number of errors >= 0.01: 0
[       OK ] KWaySortTestFixture/4.SortTest (3811295 ms)
[----------] 1 test from KWaySortTestFixture/4 (3811295 ms total)

[----------] Global test environment tear-down
[==========] 5 tests from 5 test suites ran. (8410190 ms total)
[  PASSED  ] 5 tests.
