Input array size: 729
Using Ring Dimension: 131072
Multiplicative depth: 40
Scaling Mod: 59
 == stage 0 == 
3 6 0 0 0
Level 5
 == End stage 0 == 
 == stage 1 == 
3 6 0 1 0
Level 5
 == End stage 1 == 
 == stage 2 == 
3 6 1 0 1
Level 5
 == End stage 2 == 
 == stage 3 == 
3 6 1 0 2
Level 5
 == End stage 3 == 
 == stage 4 == 
3 6 0 2 0
Level 5
 == End stage 4 == 
 == stage 5 == 
3 6 1 1 1
Level 5
 == End stage 5 == 
 == stage 6 == 
3 6 1 1 2
Level 5
 == End stage 6 == 
 == stage 7 == 
3 6 2 0 1
Level 5
 == End stage 7 == 
 == stage 8 == 
3 6 2 0 2
Level 5
 == End stage 8 == 
 == stage 9 == 
3 6 0 3 0
Level 5
 == End stage 9 == 
 == stage 10 == 
3 6 1 2 1
Level 5
 == End stage 10 == 
 == stage 11 == 
3 6 1 2 2
Level 5
 == End stage 11 == 
 == stage 12 == 
3 6 2 1 1
Level 5
 == End stage 12 == 
 == stage 13 == 
3 6 2 1 2
Level 5
 == End stage 13 == 
 == stage 14 == 
3 6 3 0 1
Level 5
 == End stage 14 == 
 == stage 15 == 
3 6 3 0 2
Level 5
 == End stage 15 == 
 == stage 16 == 
3 6 0 4 0
Level 5
 == End stage 16 == 
 == stage 17 == 
3 6 1 3 1
Level 5
 == End stage 17 == 
 == stage 18 == 
3 6 1 3 2
Level 5
 == End stage 18 == 
 == stage 19 == 
3 6 2 2 1
Level 5
 == End stage 19 == 
 == stage 20 == 
3 6 2 2 2
Level 5
 == End stage 20 == 
 == stage 21 == 
3 6 3 1 1
Level 5
 == End stage 21 == 
 == stage 22 == 
3 6 3 1 2
Level 5
 == End stage 22 == 
 == stage 23 == 
3 6 4 0 1
Level 5
 == End stage 23 == 
 == stage 24 == 
3 6 4 0 2
Level 5
 == End stage 24 == 
 == stage 25 == 
3 6 0 5 0
Level 5
 == End stage 25 == 
 == stage 26 == 
3 6 1 4 1
Level 5
 == End stage 26 == 
 == stage 27 == 
3 6 1 4 2
Level 5
 == End stage 27 == 
 == stage 28 == 
3 6 2 3 1
Level 5
 == End stage 28 == 
 == stage 29 == 
3 6 2 3 2
Level 5
 == End stage 29 == 
 == stage 30 == 
3 6 3 2 1
Level 5
 == End stage 30 == 
 == stage 31 == 
3 6 3 2 2
Level 5
 == End stage 31 == 
 == stage 32 == 
3 6 4 1 1
Level 5
 == End stage 32 == 
 == stage 33 == 
3 6 4 1 2
Level 5
 == End stage 33 == 
 == stage 34 == 
3 6 5 0 1
Level 5
 == End stage 34 == 
 == stage 35 == 
3 6 5 0 2
Level 5
 == End stage 35 == 
Level of output: 36
[ -0.000507392 0.000644858 0.00211372 0.00364711 0.00499747 0.00595077 0.00802436 0.00862086 0.0105349 0.011576 0.0131818 0.0149817 0.015598 0.0172841 0.0188316 0.0199525 0.0214501 0.0228506 0.0243418 0.0251893 0.0268719 0.0284115 0.0295571 0.0311604 0.0322484 0.0336902 0.0351531 0.0365585 0.0380909 0.0391884 0.04069 0.0417666 0.043574 0.0444951 0.0461103 0.0477145 0.0485683 0.050228 0.0514075 0.0530528 0.0543301 0.0558804 0.0572781 0.0584651 0.0602353 0.0611017 0.0624454 0.0640163 0.0651502 0.0666251 0.0680969 0.0697185 0.0706128 0.072246 0.0732988 0.0750185 0.0761546 0.0777281 0.0789492 0.0803116 0.0816254 0.0830913 0.084429 0.0855933 0.087365 0.0885524 0.0900886 0.0911639 0.0927842 0.094236 0.095645 0.0964869 0.0980782 0.0994692 0.10089 0.102244 0.10387 0.105102 0.10621 0.107702 0.109345 0.110312 0.11172 0.113421 0.11478 0.115712 0.11739 0.118769 0.119808 0.121877 0.122653 0.124333 0.125588 0.126701 0.128796 0.129461 0.13147 0.132446 0.134029 0.135145 0.136807 0.138082 0.139361 0.140823 0.142148 0.14394 0.144499 0.146538 0.147474 0.148935 0.150106 0.151706 0.15306 0.154343 0.155821 0.157048 0.158561 0.160126 0.161118 0.162552 0.163889 0.165518 0.166781 0.168356 0.169537 0.17095 0.172523 0.173495 0.174934 0.17652 0.177684 0.179158 0.180725 0.182132 0.183469 0.184498 0.186057 0.187311 0.18858 0.190354 0.19151 0.192645 0.194316 0.195848 0.196986 0.198173 0.199811 0.201092 0.202068 0.20389 0.205137 0.206422 0.207867 0.209353 0.21094 0.211791 0.213397 0.214819 0.216291 0.217621 0.218953 0.219834 0.221828 0.223428 0.224265 0.225881 0.227438 0.228435 0.2303 0.23147 0.232548 0.23429 0.235209 0.236542 0.238313 0.239538 0.240638 0.242436 0.243469 0.245125 0.246692 0.247808 0.249115 0.25063 0.251401 0.253445 0.254308 0.255958 0.257677 0.258738 0.259833 0.26149 0.262741 0.264089 0.265438 0.266995 0.268505 0.269565 0.271287 0.272483 0.27388 0.275144 0.276466 0.278327 0.278697 0.280575 0.281832 0.283442 0.284652 0.286094 0.287743 0.288851 0.290471 0.29137 0.293195 0.294421 0.295747 0.296974 0.298585 0.29957 0.301467 0.302415 0.303913 0.305138 0.306787 0.308037 0.309477 0.310737 0.312233 0.313727 0.315219 0.316087 0.317698 0.31917 0.320104 0.322029 0.323679 0.324242 0.326006 0.327402 0.328533 0.330142 0.331705 0.33262 0.334198 0.33557 0.337131 0.338297 0.339532 0.340977 0.342415 0.343722 0.344773 0.346378 0.34797 0.349148 0.350455 0.352145 0.353289 0.354858 0.356018 0.357597 0.358739 0.360158 0.361769 0.363057 0.364266 0.365848 0.367484 0.368264 0.369629 0.371157 0.372321 0.374026 0.375329 0.376715 0.37835 0.379284 0.380852 0.382087 0.383645 0.384929 0.386357 0.387559 0.388888 0.390293 0.391792 0.393473 0.394127 0.395958 0.397492 0.39863 0.400149 0.401455 0.402755 0.403888 0.40543 0.406861 0.408372 0.409365 0.411316 0.412086 0.413861 0.415514 0.416464 0.417986 0.419185 0.421025 0.421497 0.42316 0.424786 0.42577 0.427534 0.428476 0.430251 0.431467 0.433071 0.434266 0.435432 0.437371 0.438195 0.43999 0.440801 0.442675 0.443818 0.445209 0.446575 0.447875 0.449341 0.45048 0.452221 0.45342 0.455021 0.456155 0.457742 0.459105 0.460264 0.461928 0.463129 0.464647 0.466242 0.466795 0.469013 0.470015 0.471339 0.47267 0.474025 0.47508 0.476712 0.47803 0.479571 0.481106 0.482421 0.4836 0.484936 0.486358 0.487859 0.489094 0.490548 0.492039 0.493378 0.49485 0.495887 0.497279 0.498673 0.50021 0.501224 0.502572 0.504388 0.505515 0.506956 0.508433 0.509754 0.510942 0.512194 0.514013 0.515221 0.516486 0.517752 0.519595 0.520741 0.522157 0.523594 0.524971 0.526308 0.527747 0.528858 0.530083 0.531922 0.533086 0.534049 0.535974 0.53716 0.538619 0.539736 0.541104 0.54267 0.544089 0.545216 0.54625 0.548226 0.549461 0.550798 0.552304 0.553628 0.554926 0.556468 0.558033 0.558918 0.560642 0.56181 0.56316 0.564489 0.566256 0.56714 0.568758 0.570299 0.571355 0.572995 0.573991 0.575395 0.577375 0.577849 0.57947 0.581143 0.582728 0.583475 0.585312 0.586444 0.58778 0.589388 0.590443 0.591971 0.593482 0.594938 0.596124 0.597452 0.599015 0.599863 0.601681 0.602852 0.604337 0.605589 0.606887 0.608808 0.609893 0.611212 0.612602 0.614197 0.615426 0.616529 0.618052 0.619877 0.620629 0.622245 0.623625 0.62504 0.626046 0.627706 0.628972 0.630423 0.631643 0.633357 0.634457 0.635991 0.637428 0.638897 0.640012 0.641163 0.642623 0.644284 0.645561 0.646988 0.648957 0.649043 0.651153 0.652711 0.653583 0.655356 0.656741 0.657814 0.659038 0.660874 0.661947 0.663231 0.66465 0.666138 0.667677 0.668892 0.670187 0.671257 0.672916 0.674308 0.675833 0.677367 0.678111 0.67994 0.681209 0.682703 0.684011 0.685111 0.686546 0.687993 0.689386 0.690857 0.692242 0.693728 0.695067 0.696013 0.69744 0.699178 0.700266 0.701822 0.703091 0.704672 0.705896 0.707235 0.708631 0.709692 0.711019 0.712703 0.714124 0.715556 0.716689 0.718351 0.719476 0.721212 0.722349 0.723457 0.725144 0.726812 0.727597 0.72915 0.73065 0.732253 0.733215 0.734774 0.736221 0.737212 0.739081 0.740143 0.741452 0.743199 0.743993 0.745743 0.747083 0.748232 0.749533 0.750924 0.752752 0.753782 0.755559 0.756527 0.758094 0.759294 0.76097 0.762173 0.763205 0.764965 0.766288 0.767656 0.769022 0.77052 0.771743 0.77311 0.774529 0.775722 0.777014 0.778445 0.780123 0.781264 0.782959 0.78403 0.785386 0.787151 0.788049 0.789503 0.791004 0.792323 0.793683 0.794836 0.796509 0.797854 0.799418 0.800538 0.801973 0.803718 0.804476 0.805772 0.807361 0.808907 0.81005 0.811476 0.812702 0.81441 0.815495 0.81697 0.818236 0.819761 0.821185 0.822582 0.823992 0.825296 0.826415 0.828229 0.828732 0.830757 0.831871 0.833509 0.834888 0.836176 0.837516 0.838912 0.840342 0.84183 0.842883 0.844548 0.845516 0.847371 0.848747 0.849898 0.851139 0.85284 0.853867 0.855441 0.856707 0.858216 0.859564 0.860674 0.862288 0.863601 0.86541 0.866527 0.867659 0.868993 0.870743 0.871971 0.873171 0.874708 0.87575 0.877502 0.878822 0.880095 0.88116 0.883054 0.884132 0.885814 0.887003 0.888062 0.889594 0.891225 0.892174 0.893884 0.895367 0.896442 0.897927 0.899667 0.900875 0.901847 0.903526 0.905104 0.906245 0.907501 0.90891 0.910306 0.9119 0.9129 0.91451 0.915924 0.917108 0.918316 0.919858 0.921216 0.922714 0.923951 0.925237 0.926609 0.928043 0.929816 0.930886 0.932274 0.933479 0.934856 0.936546 0.937638 0.939113 0.940859 0.941774 0.942904 0.94478 0.945937 0.947307 0.948467 0.950063 0.951214 0.952746 0.954147 0.955412 0.957127 0.95819 0.959766 0.96089 0.962266 0.963602 0.965298 0.966232 0.968097 0.968986 0.97061 0.971921 0.973353 0.974944 0.975895 0.977519 0.978639 0.980334 0.981347 0.98317 0.984157 0.986025 0.987202 0.988311 0.989778 0.991203 0.992546 0.99395 0.99556 0.996847 0.998045 -0.000248845 -0.000223592 -2.0051e-05 -8.10953e-05 -0.000298689 -0.000227929 -0.000116571 -0.000190213 -4.05632e-05 -0.000395974 -0.00016066 -5.5034e-05 -0.000202523 -5.25459e-05 -0.000253341 3.50537e-05 -0.000353296 -0.000358374 -0.000171077 -0.000114946 -0.000396124 -0.000160746 -0.00031353 -0.000356833 -0.000218894 -0.000266503 -6.28477e-05 -0.000183935 -0.00027955 -5.10765e-05 -0.000234105 -0.00020116 -6.48989e-05 -0.000133017 -0.000130917 -7.57473e-05 -0.000146022 -0.000104705 -0.000237301 1.77084e-05 -0.000152155 -0.000262143 -0.000277785 -0.000147301 -0.000203706 -0.000280111 -0.000193461 -0.00012633 -9.80234e-06 -0.000178817 -1.72089e-05 -6.88748e-05 -3.05274e-05 -0.000429256 -0.000252707 -7.2934e-06 -0.000148789 -0.000201579 -0.000245683 -0.000314688 -0.000162101 -0.000215696 8.21851e-06 -0.000241585 -0.000120202 -0.000309871 -0.000258596 -0.000182143 -3.28756e-05 -0.000188796 -0.000211706 -0.000171748 -0.000245448 -4.02503e-05 -0.000178921 -0.000220267 -4.77295e-05 -0.000144538 -0.000129727 -0.000117888 -0.000174265 -0.000340648 -0.000202923 -0.000234774 -0.000278154 0.000117934 -0.000209887 -0.000236322 -0.000362006 -6.02372e-05 -0.000305895 -0.000245251 -0.000128343 -0.000223165 -0.000190407 -0.00011801 -0.000333021 -0.000362812 -0.000168807 -8.16606e-05 -0.000273522 -0.00029084 -1.29661e-05 -0.000191389 -0.000167618 -6.07704e-05 -7.52166e-05 -0.000189949 -0.000164689 -9.48769e-05 1.29809e-05 -7.06535e-05 -0.000226275 -1.31237e-05 -9.5222e-05 -0.000335176 -0.000369015 -0.000190201 4.73342e-05 -0.000259738 -7.76619e-05 -0.000388115 -0.000225638 -0.00024721 -8.3555e-06 -0.000269288 -6.91027e-05 -0.000241568 -0.000290198 -4.46763e-05 -0.000129424 -0.000291616 -0.000197407 -0.00020521 -0.000348509 -0.000208278 -0.000274143 -0.000207764 -0.000302529 -0.00021736 -0.000322463 -0.000259032 -0.000168022 -0.000143294 -8.38666e-05 -0.000209684 -0.000249522 -0.000323714 -0.000168333 -0.000183473 -0.000334343 -0.000147994 -0.00013943 -0.000167619 -0.000133819 -7.13986e-05 -0.000378519 -0.000143136 -9.77232e-05 -0.000197005 -0.000213101 -0.000162108 -0.000169774 -5.97882e-05 -6.13223e-05 -4.49091e-05 -0.000370895 -1.42091e-05 -0.00029071 -0.000243144 -0.000317085 -0.000234989 -5.39312e-05 -0.000360327 -0.000115213 -0.000305851 -0.000153163 -0.000143895 -0.000223685 -0.000183284 -0.000195187 -0.00015468 -0.000190487 -0.000153753 -9.59077e-05 -1.92196e-05 -2.02501e-05 -0.000136653 -0.000230807 -0.000122677 -0.000230527 -0.000176591 -5.24796e-05 -0.000263914 -0.000119878 -0.000110542 -0.000122537 -0.000183657 -0.000410813 -0.000359516 -0.000150525 -0.000325636 -0.000207536 -6.77184e-05 -0.0001371 -0.000204529 -0.000116007 -0.000105588 -0.00031394 -0.000226935 -0.000307805 -0.000318695 -0.000188452 -0.000103775 -0.000198869 -0.000300979 -0.000199405 -9.38446e-05 -3.58916e-05 -0.000286847 -9.83349e-05 -0.000189524 -0.000267476 -0.000290501 -0.000275351 -0.000232117 -0.000296353 -0.000208563 -0.00019744 -0.000200419 -0.000152299 -0.00026277 -0.000362866 -0.000284233 -0.000108663 -0.000228189 -0.00021808 -0.000324507 -0.000206384 -0.000299575 -0.000126543 -0.000267954 -0.000265549 -0.000106324 -0.000130235 -0.000126533 -0.000194731 -0.000248532 -7.8111e-05 -1.48055e-05 -6.73342e-05 -6.40934e-05 -0.00018652 -0.000134217 -1.53283e-05 -0.00020147 -0.000234018 -0.000236547 -0.000105153 -0.000300062 -0.000306434 -0.000209278 -0.000170258 -0.000205969 -0.000321078 -9.48688e-05 -0.000192607 -0.000240319 -0.000224505 -0.000194771 -0.000298175 -9.1454e-05 -0.000243529 -0.000315293 -0.000221681 -9.12748e-05 -0.000280394 -0.000178405 -0.000264024 -6.88226e-05 -9.95335e-05 -0.00026522 5.55458e-05 -2.60579e-05 -0.000178745 -8.56529e-05 -0.000287338 -7.13175e-05 -0.000188746 -9.42861e-05 -0.000225642 -4.98635e-05 -0.00013983 3.63598e-06 -0.000304695 ]: ctxt_out Level: 36, LogPrecision: 13
Result Level: 36

Performance Analysis:
Execution time: 3772638 ms

Error Analysis:
Maximum error: 0.00126224 (log2: -9.6298)
Average error: 0.000558549 (log2: -10.806)
Number of errors >= 0.01: 0
[       OK ] KWaySortTestFixture/4.SortTest (3794754 ms)
[----------] 1 test from KWaySortTestFixture/4 (3794754 ms total)

[----------] Global test environment tear-down
[==========] 5 tests from 5 test suites ran. (8400094 ms total)
[  PASSED  ] 5 tests.
