Input array size: 625
Using Ring Dimension: 131072
Multiplicative depth: 40
Scaling Mod: 59
 == stage 0 == 
5 4 0 0 0
Level 7
 == End stage 0 == 
 == stage 1 == 
5 4 0 1 0
Level 7
 == End stage 1 == 
 == stage 2 == 
5 4 1 0 1
Level 7
 == End stage 2 == 
 == stage 3 == 
5 4 1 0 2
Level 7
 == End stage 3 == 
 == stage 4 == 
5 4 1 0 3
Level 7
 == End stage 4 == 
 == stage 5 == 
5 4 0 2 0
Level 7
 == End stage 5 == 
 == stage 6 == 
5 4 1 1 1
Level 7
 == End stage 6 == 
 == stage 7 == 
5 4 1 1 2
Level 7
 == End stage 7 == 
 == stage 8 == 
5 4 1 1 3
Level 7
 == End stage 8 == 
 == stage 9 == 
5 4 2 0 1
Level 7
 == End stage 9 == 
 == stage 10 == 
5 4 2 0 2
Level 7
 == End stage 10 == 
 == stage 11 == 
5 4 2 0 3
Level 7
 == End stage 11 == 
 == stage 12 == 
5 4 0 3 0
Level 7
 == End stage 12 == 
 == stage 13 == 
5 4 1 2 1
Level 7
 == End stage 13 == 
 == stage 14 == 
5 4 1 2 2
Level 7
 == End stage 14 == 
 == stage 15 == 
5 4 1 2 3
Level 7
 == End stage 15 == 
 == stage 16 == 
5 4 2 1 1
Level 7
 == End stage 16 == 
 == stage 17 == 
5 4 2 1 2
Level 7
 == End stage 17 == 
 == stage 18 == 
5 4 2 1 3
Level 7
 == End stage 18 == 
 == stage 19 == 
5 4 3 0 1
Level 7
 == End stage 19 == 
 == stage 20 == 
5 4 3 0 2
Level 7
 == End stage 20 == 
 == stage 21 == 
5 4 3 0 3
Level 7
 == End stage 21 == 
Level of output: 28
[ -0.000144336 0.00139919 0.00300397 0.00473583 0.00610443 0.00786594 0.0097421 0.0109611 0.0126584 0.0142284 0.0159621 0.0174544 0.0188314 0.020931 0.0221889 0.0237848 0.0254728 0.0269978 0.0287785 0.0301789 0.0315077 0.0334213 0.0351514 0.0364318 0.0381602 0.0397515 0.0416806 0.0429905 0.0446475 0.0464506 0.0477582 0.0494273 0.0510602 0.05271 0.0542467 0.0558188 0.0575493 0.0589488 0.0607289 0.0619556 0.0638614 0.0653389 0.066885 0.0686462 0.070322 0.0718888 0.0732724 0.0752292 0.076695 0.0780363 0.0800653 0.081372 0.0830509 0.0845552 0.0863411 0.0877751 0.0894696 0.0908827 0.0926816 0.0946027 0.0955397 0.0974369 0.0992547 0.100585 0.10223 0.103804 0.10561 0.106908 0.108706 0.110301 0.111967 0.113405 0.114983 0.116768 0.118274 0.119909 0.121383 0.123061 0.124519 0.126347 0.127709 0.12956 0.130894 0.132663 0.134238 0.135995 0.137455 0.139078 0.140685 0.142378 0.143699 0.145528 0.147118 0.148575 0.150256 0.151794 0.153577 0.15488 0.156641 0.158216 0.159705 0.161496 0.163075 0.164584 0.166146 0.167962 0.169474 0.171121 0.172529 0.174365 0.175837 0.177502 0.178863 0.180859 0.181955 0.183787 0.185573 0.186978 0.188741 0.190354 0.19172 0.193481 0.195087 0.196749 0.198183 0.19999 0.201433 0.203063 0.204862 0.206225 0.207825 0.209464 0.210931 0.21258 0.214117 0.21587 0.217442 0.218973 0.220752 0.222444 0.223813 0.225479 0.226924 0.228623 0.230293 0.23185 0.233591 0.235131 0.236824 0.23826 0.239769 0.241586 0.242974 0.244838 0.246223 0.247972 0.249449 0.251124 0.252575 0.254185 0.255911 0.257406 0.259028 0.260723 0.26227 0.263905 0.265443 0.266991 0.268669 0.270267 0.27193 0.273538 0.274935 0.276797 0.27841 0.279903 0.281375 0.283219 0.284558 0.286294 0.287761 0.289759 0.2909 0.292739 0.294453 0.295923 0.297504 0.29901 0.300635 0.302392 0.303836 0.305409 0.307109 0.308631 0.31025 0.311884 0.313395 0.315075 0.316664 0.318171 0.319827 0.321566 0.323242 0.324591 0.326346 0.32777 0.329389 0.331062 0.332822 0.334051 0.335838 0.337502 0.338997 0.340828 0.342181 0.343876 0.345289 0.347178 0.348638 0.3503 0.35172 0.353418 0.355011 0.356758 0.358401 0.359741 0.361447 0.363088 0.364821 0.366119 0.367847 0.369305 0.371126 0.372613 0.374356 0.375597 0.377746 0.379066 0.380662 0.382115 0.383799 0.385279 0.386997 0.388794 0.390097 0.392132 0.393499 0.394937 0.396819 0.398233 0.399748 0.401398 0.403154 0.404629 0.406135 0.407819 0.409503 0.411032 0.412728 0.414369 0.415784 0.417409 0.419065 0.420563 0.422326 0.423689 0.425482 0.427012 0.428709 0.43031 0.431844 0.433402 0.4351 0.436727 0.438444 0.439764 0.441263 0.443089 0.444938 0.446223 0.448089 0.449336 0.450976 0.452867 0.453876 0.45579 0.457395 0.459299 0.460414 0.462478 0.463783 0.465505 0.467102 0.468801 0.470309 0.471893 0.473634 0.474952 0.476666 0.478205 0.479903 0.481367 0.482953 0.484543 0.486436 0.487653 0.489487 0.490903 0.4928 0.494159 0.495982 0.49725 0.499058 0.500531 0.502246 0.504021 0.505682 0.506808 0.508738 0.510324 0.511888 0.513479 0.515134 0.516742 0.518189 0.519888 0.521454 0.522904 0.524767 0.526017 0.527876 0.529414 0.531069 0.532653 0.534328 0.535788 0.537591 0.539048 0.540786 0.542119 0.543736 0.545343 0.5471 0.5487 0.55036 0.551867 0.553392 0.555295 0.556576 0.558449 0.559641 0.561476 0.563119 0.56475 0.5663 0.56797 0.569491 0.570988 0.572735 0.574318 0.575826 0.577394 0.579119 0.580637 0.582341 0.583923 0.585435 0.587009 0.588782 0.590275 0.59186 0.593326 0.59496 0.596757 0.598192 0.599944 0.601471 0.603227 0.604782 0.606254 0.607851 0.609389 0.611041 0.612661 0.614403 0.615619 0.617785 0.618871 0.620667 0.622224 0.624077 0.625489 0.626945 0.628697 0.630279 0.631995 0.633169 0.635145 0.636704 0.638161 0.639825 0.641305 0.642943 0.644622 0.646387 0.648238 0.649431 0.65102 0.652595 0.654351 0.655972 0.65752 0.659184 0.66073 0.661913 0.663966 0.665381 0.667138 0.668538 0.670364 0.671918 0.673332 0.675131 0.67677 0.67834 0.679808 0.681528 0.683312 0.684479 0.686273 0.687808 0.689837 0.690813 0.692851 0.69418 0.695946 0.697407 0.699125 0.700546 0.702386 0.703786 0.705397 0.707019 0.708618 0.71035 0.71191 0.713415 0.714961 0.716734 0.718269 0.71992 0.721433 0.723069 0.724813 0.726215 0.727864 0.729502 0.731077 0.732716 0.734175 0.735928 0.737379 0.739229 0.740795 0.742164 0.743895 0.745583 0.747308 0.748524 0.750173 0.751924 0.753505 0.754983 0.756661 0.758157 0.759936 0.76174 0.762963 0.764713 0.766233 0.768143 0.76938 0.771083 0.772648 0.774181 0.775845 0.777669 0.779067 0.780932 0.782116 0.784062 0.785217 0.786827 0.788682 0.790226 0.791599 0.793464 0.795016 0.796457 0.79816 0.799902 0.8015 0.803018 0.804673 0.806415 0.807905 0.809257 0.81106 0.812752 0.814197 0.815869 0.81744 0.819055 0.820554 0.822283 0.823729 0.825431 0.827052 0.828526 0.830371 0.831784 0.833647 0.834919 0.836751 0.838246 0.839972 0.84144 0.843222 0.844609 0.846331 0.847836 0.849425 0.851087 0.852593 0.854222 0.855872 0.857501 0.859116 0.860482 0.862228 0.863783 0.865646 0.866856 0.868667 0.87007 0.871878 0.873594 0.875231 0.876497 0.87828 0.879819 0.881374 0.883153 0.884596 0.886561 0.887561 0.889365 0.891321 0.892609 0.894308 0.895966 0.897425 0.899159 0.900583 0.902269 0.903676 0.905657 0.906881 0.908794 0.910294 0.911655 0.913495 0.914853 0.916657 0.918306 0.919881 0.921405 0.922962 0.924759 0.926291 0.927744 0.929432 0.930992 0.932642 0.934205 0.935848 0.937468 0.939066 0.940671 0.94243 0.943608 0.945555 0.947084 0.948463 0.950361 0.951704 0.953677 0.954919 0.956823 0.958129 0.959854 0.961622 0.96297 0.964503 0.966198 0.967807 0.969308 0.970919 0.972683 0.974269 0.975882 0.977403 0.979075 0.980671 0.982358 0.984004 0.985567 0.987124 0.988746 0.990273 0.991741 0.99347 0.994994 0.99669 0.998306 -2.84521e-05 -1.11088e-05 -0.000113495 5.72057e-05 -3.09055e-05 -6.6899e-05 -5.88338e-05 -2.03645e-05 4.72035e-05 -0.000125295 -0.000146794 -0.000144001 -0.000130896 7.47983e-06 -5.08692e-05 0.000120932 4.04929e-05 -0.00012602 -4.14234e-05 -2.23882e-05 -8.19635e-05 0.000106667 -1.75164e-05 -0.000152206 -7.77786e-06 -4.19472e-05 -5.2431e-05 -5.80278e-05 2.06763e-05 -5.61809e-05 1.38234e-05 -6.26334e-05 -0.000110683 -2.7864e-05 -2.21415e-05 -6.90309e-05 -0.000104425 -3.2131e-05 -0.000233977 -4.80773e-06 -4.49347e-06 3.98262e-05 9.19368e-05 -8.03579e-06 -5.75137e-05 -5.86883e-05 -6.82685e-05 5.51038e-05 -1.41865e-06 -0.000196404 -1.85421e-05 -7.38592e-05 2.27086e-05 -0.000181411 -5.27442e-05 -8.69857e-05 -4.26041e-05 -9.03274e-05 -6.06239e-05 -0.000199902 -4.50265e-05 -0.000120411 -0.000201569 -6.67203e-05 -6.22764e-05 -0.000130757 -7.61235e-05 3.30002e-05 -5.477e-05 -8.25874e-05 3.31321e-05 -1.56843e-05 -7.97765e-05 -7.80698e-05 2.46107e-05 -0.00012501 -3.59126e-05 4.85855e-05 -7.96621e-05 -4.45078e-05 -0.000142689 3.56325e-05 -0.000127681 -7.57266e-05 -8.43869e-05 -0.000131444 -1.56971e-06 3.79614e-08 2.57403e-05 -0.000144669 -0.000104657 -0.000170222 -4.43072e-05 -0.000170511 -3.24461e-05 -0.000148513 -6.1542e-05 -4.23616e-05 7.14342e-05 -2.6415e-05 -0.000115454 -6.6242e-06 -2.95139e-05 -8.17717e-05 -0.000119914 -4.92601e-05 -6.16607e-05 -1.48782e-05 -0.000212041 2.09877e-05 2.85863e-06 -4.97395e-05 -0.000169919 -8.42148e-05 -0.000181608 1.08934e-05 -9.31532e-05 -0.000161954 9.74038e-05 4.25145e-05 -4.58671e-05 -6.29222e-05 -1.67691e-05 -3.07095e-05 -0.000135586 -9.56315e-05 -4.30601e-05 5.30528e-05 -3.0419e-05 -6.54819e-05 -6.78728e-06 -0.000120831 4.35314e-05 -0.000135044 -0.000178899 -6.67813e-05 -4.71384e-05 -4.27492e-05 1.46042e-05 -0.000144022 -4.56294e-05 -0.000143842 2.49639e-05 -1.02954e-05 -0.000169559 -0.000136355 -0.000124532 -0.000196209 -0.000171939 -7.27945e-05 -2.43424e-05 -9.90312e-05 -0.000144044 -0.000191022 -0.000149492 -0.000198511 5.788e-05 5.84247e-05 -6.30263e-05 6.06784e-05 -1.08071e-05 -8.02848e-05 -9.22674e-05 -1.62106e-06 -3.30519e-05 -1.45476e-05 -2.18965e-05 -4.21437e-06 -3.31153e-05 9.88579e-06 -4.75754e-05 -2.79744e-05 -0.00014554 -9.98678e-05 -6.75868e-05 -7.51206e-06 -1.83228e-05 -8.42746e-06 9.33962e-06 -7.2577e-06 -0.00011103 1.81381e-05 -7.50209e-05 -5.99766e-05 9.76402e-06 -0.000185712 -3.51843e-05 5.37753e-06 -0.000172362 9.36337e-05 8.6588e-05 -7.61356e-06 -3.67404e-05 -0.000182879 -9.8982e-05 -5.1929e-05 -4.9016e-05 -8.49642e-05 -5.76843e-05 -0.000104153 -4.14302e-05 -0.000108773 7.80844e-05 -9.70101e-05 -5.91206e-05 -0.00014035 5.39119e-05 -6.94451e-05 -7.41049e-05 -0.000114969 -8.70589e-05 1.26296e-05 -0.000152554 -0.000135044 -0.000191509 2.17003e-05 -0.00015517 -0.000144853 -9.70422e-05 -0.000135762 -0.000124803 1.07346e-05 -8.44738e-05 6.31031e-05 -0.000171178 -4.88172e-05 -0.000167224 -8.49365e-05 -7.49167e-05 -8.874e-05 -5.4653e-05 -0.000235732 -0.000140876 0.000120942 -7.49839e-05 -7.98575e-05 -7.85649e-07 -0.000114961 7.86505e-06 -0.000188401 -0.000102113 -9.71169e-05 -0.000123987 -3.15235e-05 -7.41408e-05 -0.000129369 -0.000123122 -8.23055e-05 -2.45286e-05 1.89708e-05 -0.000133407 -5.48869e-05 -0.000145813 -9.63362e-05 -0.000100132 -9.24733e-05 -1.06291e-05 2.89221e-05 2.29666e-05 -0.000192409 -8.37782e-05 -1.3382e-07 1.87534e-05 -0.000208222 1.57865e-05 -4.88477e-05 -6.18845e-05 1.08323e-05 -5.8974e-05 -0.00011534 -2.65903e-05 -1.2575e-05 -4.37109e-05 -0.000104932 -0.000194452 3.94087e-05 -0.000209174 -5.50439e-05 -0.000129754 -3.53648e-05 -6.56353e-05 -9.4613e-05 1.50436e-05 4.29936e-05 -0.000131141 4.9667e-05 -7.03767e-05 -4.40331e-06 -0.000102323 -0.000179181 -0.000127592 -0.00017457 -0.000132109 -0.00017098 -8.12285e-05 -0.000124934 2.25235e-05 -4.93977e-05 -0.000127767 -0.000219503 -0.000150331 -0.000160913 -8.7811e-05 -0.000150389 -9.79717e-05 -8.89213e-05 -0.000114121 -0.000116558 -0.000160394 2.51916e-05 -0.000161289 -1.54877e-05 -4.14165e-05 -0.000163177 -8.7668e-05 3.24407e-05 2.89104e-05 -4.60567e-05 -2.3617e-05 -1.52586e-05 -0.000293613 -2.18167e-05 -0.000120726 -8.64002e-05 2.73819e-05 4.3739e-05 -0.000125522 -4.96567e-05 -5.75255e-05 -5.8709e-05 -2.87381e-05 -2.33458e-05 6.00773e-06 -7.16233e-05 -6.99869e-05 -0.000150581 -5.72768e-05 -8.3317e-05 -5.31343e-05 -0.000214659 -7.21623e-05 -7.55293e-05 -3.52852e-05 -0.000120465 1.93047e-05 -5.34027e-06 3.58838e-05 -6.03448e-05 -0.00011652 0.000104985 -5.15238e-05 -9.70768e-05 -9.25773e-05 -7.58396e-06 -1.47436e-05 -0.000120537 7.34779e-05 -2.84684e-05 -9.20056e-05 -0.00012835 -0.000245464 -8.38497e-05 -0.000181376 -6.5048e-05 -6.58568e-06 1.90822e-05 -7.02202e-05 -1.90268e-05 -0.000168911 -0.000104155 -6.5571e-05 -0.000161492 -4.99274e-05 -7.4994e-05 -0.000126765 3.41175e-05 -5.92726e-05 -8.72097e-05 -8.55511e-05 -4.30325e-05 -0.000184179 -0.000127573 -0.000102649 -1.88835e-05 -8.22199e-05 -4.23134e-05 2.02711e-05 1.32097e-07 -0.000126986 -2.73151e-05 -0.000119132 -0.000134336 -0.000104149 -4.15438e-05 -0.0001396 -0.000122075 -6.12024e-05 -1.68557e-05 6.10911e-05 ]: ctxt_out Level: 28, LogPrecision: 14
Result Level: 28

Performance Analysis:
Execution time: 4500888 ms

Error Analysis:
Maximum error: 0.000567377 (log2: -10.7834)
Average error: 0.00015186 (log2: -12.685)
Number of errors >= 0.01: 0
[       OK ] KWaySortTestFixture/2.SortTest (4522316 ms)
[----------] 1 test from KWaySortTestFixture/2 (4522316 ms total)

[----------] Global test environment tear-down
[==========] 3 tests from 3 test suites ran. (6943272 ms total)
[  PASSED  ] 3 tests.
