Input array size: 256
Multiplicative depth: 34
Scaling Mod: 40
Sign Configuration: CompositeSign(3, 4, 2)
Final Level: 34
input:
[ 0.546875 0.320312 0.910156 0.746094 0.722656 0.285156 0.316406 0.550781 0.714844 0.0078125 0.222656 0.144531 0.359375 0.921875 0.449219 0.8125 0.351562 0.667969 0.75 0.433594 0.28125 0.152344 0.792969 0.210938 0.371094 0.355469 0.238281 0.121094 0.34375 0.902344 0.851562 0.0507812 0.71875 0.972656 0.519531 0.00390625 0.675781 0.128906 0.269531 0.523438 0.375 0.832031 0.367188 0.664062 0.386719 0.105469 0.699219 0.4375 0.214844 0.195312 0.707031 0.296875 0.789062 0.46875 0.558594 0.15625 0.515625 0.949219 0.726562 0.835938 0.0820312 0.203125 0.734375 0.570312 0.933594 0.597656 0.261719 0.246094 0.929688 0.273438 0.347656 0.113281 0.875 0.25 0.648438 0.304688 0.542969 0.582031 0.914062 0.605469 0.816406 0.0234375 0.617188 0.628906 0.855469 0.964844 0.867188 0.136719 0.300781 0.0664062 0.871094 0.511719 0.277344 0.660156 0.507812 0.410156 0.183594 0.601562 0.476562 0.257812 0.53125 0.554688 0.390625 0.976562 0.398438 0.527344 0.234375 0.679688 0.585938 0.101562 0.695312 0.503906 0.09375 0.378906 0.878906 0.0351562 0.125 0.785156 0.289062 0.363281 0.621094 0.636719 0.839844 0.488281 0.0859375 0.960938 0.140625 0.710938 0.996094 0.265625 0.480469 0.796875 0.324219 0.0546875 0.9375 0.148438 0.753906 0.0585938 0.6875 0.339844 0.230469 0.414062 0.164062 0.421875 0.3125 0.175781 0.046875 0.425781 0.453125 0.90625 0.992188 0.683594 0.308594 0.167969 0.96875 0.0898438 0.613281 0.171875 0.0703125 0.417969 0.777344 0.828125 0.40625 0.179688 0.761719 0.945312 0.804688 0.953125 0.0273438 0.957031 0.808594 0.0195312 0.84375 0.03125 0.207031 0.980469 0.730469 0.015625 0.0625 0.5625 0.292969 0.574219 0.886719 0.859375 0.652344 0.332031 0.890625 0.691406 0.671875 0.496094 0.65625 0.539062 0.457031 0.445312 0.0976562 0.335938 0.644531 0.59375 0.566406 0.132812 0.738281 0.640625 0.765625 0 0.917969 0.242188 0.441406 0.464844 0.0429688 0.632812 0.773438 0.625 0.578125 0.984375 0.109375 0.160156 0.1875 0.988281 0.847656 0.800781 0.898438 0.394531 0.925781 0.703125 0.492188 0.941406 0.882812 0.757812 0.199219 0.328125 0.21875 0.0742188 0.226562 0.0390625 0.0117188 0.589844 0.5 0.824219 0.484375 0.894531 0.472656 0.117188 0.402344 0.460938 0.609375 0.820312 0.863281 0.253906 0.769531 0.742188 0.429688 0.078125 0.78125 0.382812 0.535156 0.191406 ]
output:
[ 0.00024215 0.00409238 0.00775889 0.0117405 0.0155036 0.0194461 0.0235388 0.0271918 0.0312467 0.0352335 0.0390255 0.0428512 0.0470762 0.0509025 0.05486 0.0585499 0.0623829 0.0667085 0.0701171 0.0742246 0.0781532 0.0821359 0.0858676 0.089788 0.0935193 0.0975997 0.10153 0.105405 0.109247 0.113405 0.117177 0.121165 0.125036 0.128972 0.132898 0.136918 0.140526 0.144509 0.148204 0.152339 0.156211 0.160061 0.163832 0.16801 0.171971 0.175592 0.179569 0.183563 0.187628 0.191394 0.195425 0.199265 0.203087 0.206906 0.210823 0.214986 0.218798 0.222391 0.22663 0.230659 0.234503 0.23833 0.242211 0.246163 0.249897 0.253957 0.257943 0.261758 0.265668 0.269507 0.2735 0.277482 0.281395 0.285236 0.289218 0.292899 0.296829 0.30085 0.304727 0.308638 0.312505 0.316516 0.32054 0.324226 0.328171 0.332161 0.335626 0.339658 0.343701 0.347708 0.351711 0.355777 0.359271 0.363255 0.3672 0.371157 0.375002 0.378963 0.38276 0.386769 0.390811 0.394579 0.398472 0.402186 0.40639 0.410155 0.414082 0.41812 0.421692 0.425878 0.429641 0.433524 0.437648 0.441364 0.445476 0.449167 0.45313 0.456976 0.461012 0.464912 0.468781 0.472657 0.476191 0.480177 0.484439 0.488326 0.492221 0.495972 0.500111 0.503871 0.507801 0.511815 0.515782 0.519453 0.523743 0.527282 0.53128 0.53528 0.538966 0.542721 0.546447 0.550743 0.554611 0.558506 0.562624 0.566483 0.570643 0.574071 0.578068 0.582152 0.585811 0.589846 0.59384 0.597194 0.601483 0.605298 0.609488 0.6131 0.617201 0.621054 0.625197 0.628874 0.632821 0.636704 0.640464 0.644388 0.648652 0.652197 0.655998 0.660099 0.663994 0.667976 0.67193 0.676031 0.679698 0.683914 0.68744 0.691519 0.695156 0.699189 0.702977 0.7072 0.710983 0.714976 0.718599 0.722695 0.726742 0.730267 0.734506 0.738264 0.742272 0.745987 0.749887 0.754126 0.758037 0.761551 0.765716 0.769496 0.7736 0.777303 0.781019 0.784923 0.789317 0.792889 0.797175 0.800549 0.80496 0.808561 0.81225 0.816596 0.820466 0.824092 0.828073 0.832043 0.836411 0.839915 0.843834 0.847528 0.851278 0.855384 0.859233 0.86329 0.867728 0.871029 0.874687 0.8792 0.882871 0.886757 0.890417 0.894634 0.898428 0.902465 0.906054 0.910563 0.914308 0.918059 0.921742 0.926158 0.929587 0.933731 0.937791 0.941641 0.945311 0.949605 0.953146 0.957097 0.960834 0.965379 0.969214 0.972586 0.976531 0.980647 0.984726 0.988187 0.991779 0.995519 ]

Performance Analysis:
Execution time: 76822 ms

Error Analysis:
Maximum error: 0.000575177 (log2: -10.7637)
Average error: 0.000125729 (log2: -12.9574)
Number of errors larger than 0.01: 0
[       OK ] DirectSort/DirectSortTestFixture/6.SortTest (87829 ms)
[----------] 1 test from DirectSort/DirectSortTestFixture/6 (87830 ms total)

[----------] 1 test from DirectSort/DirectSortTestFixture/7, where TypeParam = std::integral_constant<unsigned long,512ul>
[ RUN      ] DirectSort/DirectSortTestFixture/7.SortTest
Using Ring Dimension: 131072
