Input array size: 64
Multiplicative depth: 29
Scaling Mod: 40
Sign Configuration: CompositeSign(3, 3, 2)
Final Level: 29
input:
[ 0.9375 0.296875 0.3125 0.34375 0.78125 0.328125 0.0625 0.5625 0.984375 0.390625 0.8125 0.859375 0.234375 0.671875 0.546875 0.09375 0.75 0.46875 0.59375 0.71875 0.84375 0.96875 0.609375 0.359375 0.421875 0.25 0.078125 0.28125 0.90625 0.625 0.515625 0.265625 0.875 0 0.015625 0.4375 0.53125 0.578125 0.640625 0.484375 0.203125 0.5 0.109375 0.1875 0.21875 0.140625 0.375 0.765625 0.65625 0.6875 0.734375 0.453125 0.03125 0.890625 0.15625 0.953125 0.40625 0.171875 0.046875 0.828125 0.703125 0.921875 0.125 0.796875 ]
output:
[ -2.75833e-06 0.0156297 0.0312503 0.046873 0.0624968 0.0781213 0.093755 0.109376 0.125002 0.140619 0.156248 0.171871 0.1875 0.203127 0.218751 0.234377 0.25 0.265625 0.281248 0.29688 0.312499 0.328127 0.34375 0.359374 0.375001 0.390618 0.406254 0.421874 0.437503 0.453129 0.468749 0.484377 0.5 0.515628 0.531252 0.54688 0.562503 0.578122 0.593746 0.60938 0.624996 0.640625 0.656247 0.671875 0.6875 0.703121 0.718745 0.734367 0.749995 0.765623 0.781244 0.79688 0.812497 0.82812 0.843758 0.859375 0.874994 0.890627 0.906254 0.921874 0.937503 0.953125 0.96875 0.984377 ]

Performance Analysis:
Execution time: 35136 ms

Error Analysis:
Maximum error: 8.32071e-06 (log2: -16.8749)
Average error: 2.77181e-06 (log2: -18.4607)
Number of errors larger than 0.01: 0
[       OK ] DirectSort/DirectSortTestFixture/4.SortTest (42622 ms)
[----------] 1 test from DirectSort/DirectSortTestFixture/4 (42622 ms total)

[----------] 1 test from DirectSort/DirectSortTestFixture/5, where TypeParam = std::integral_constant<unsigned long,128ul>
[ RUN      ] DirectSort/DirectSortTestFixture/5.SortTest
Using Ring Dimension: 131072
