Input array size: 128
Multiplicative depth: 30
Scaling Mod: 40
Sign Configuration: CompositeSign(3, 3, 2)
Final Level: 30
input:
[ 0.0390625 0.921875 0.679688 0.539062 0.554688 0.210938 0.195312 0.28125 0.914062 0.710938 0.476562 0.835938 0.429688 0.992188 0.140625 0.242188 0.625 0.257812 0.015625 0.0703125 0.15625 0.523438 0.367188 0.265625 0.84375 0.398438 0.6875 0.382812 0.859375 0.617188 0.640625 0.734375 0.414062 0.65625 0.71875 0.8125 0.9375 0 0.945312 0.984375 0.53125 0.492188 0.226562 0.117188 0.296875 0.789062 0.851562 0.5 0.289062 0.03125 0.601562 0.421875 0.742188 0.664062 0.96875 0.585938 0.328125 0.304688 0.21875 0.609375 0.890625 0.445312 0.5625 0.648438 0.796875 0.164062 0.578125 0.125 0.132812 0.828125 0.460938 0.671875 0.375 0.34375 0.171875 0.507812 0.4375 0.25 0.898438 0.46875 0.234375 0.078125 0.0234375 0.0078125 0.570312 0.773438 0.929688 0.0546875 0.0625 0.101562 0.148438 0.882812 0.726562 0.960938 0.046875 0.335938 0.703125 0.390625 0.203125 0.976562 0.875 0.632812 0.179688 0.351562 0.59375 0.484375 0.320312 0.40625 0.109375 0.0859375 0.453125 0.546875 0.359375 0.695312 0.804688 0.90625 0.09375 0.757812 0.78125 0.867188 0.953125 0.820312 0.1875 0.515625 0.273438 0.3125 0.765625 0.75 ]
output:
[ -5.76547e-06 0.00781369 0.0156229 0.0234451 0.0312473 0.0390627 0.0468756 0.0546895 0.0625104 0.0703021 0.0781314 0.0859403 0.0937454 0.101564 0.109376 0.117188 0.124998 0.132806 0.140618 0.148421 0.156253 0.164064 0.171869 0.179684 0.187504 0.195302 0.203133 0.210935 0.218758 0.226575 0.234369 0.242176 0.249992 0.257809 0.26564 0.273437 0.281253 0.28907 0.29687 0.304681 0.312501 0.32032 0.328129 0.335941 0.343741 0.351568 0.359371 0.367188 0.375007 0.382814 0.390621 0.398447 0.406246 0.414059 0.421884 0.429687 0.4375 0.445319 0.453117 0.460933 0.468759 0.476568 0.484377 0.492202 0.500004 0.507806 0.515627 0.523446 0.531252 0.539064 0.546866 0.55469 0.562512 0.570305 0.578117 0.585939 0.593758 0.601556 0.609381 0.617181 0.624987 0.632818 0.640618 0.648432 0.656252 0.66406 0.671883 0.679694 0.687491 0.695321 0.703111 0.710941 0.718761 0.72658 0.734373 0.742196 0.750013 0.757814 0.765621 0.773455 0.781251 0.789079 0.796869 0.80468 0.812503 0.820322 0.828134 0.835937 0.843748 0.851552 0.859364 0.867187 0.87499 0.882818 0.890648 0.898419 0.906262 0.914054 0.921872 0.929697 0.93751 0.945307 0.953114 0.960938 0.968756 0.976568 0.984378 0.992183 ]

Performance Analysis:
Execution time: 50743 ms

Error Analysis:
Maximum error: 2.30021e-05 (log2: -15.4079)
Average error: 6.30482e-06 (log2: -17.2751)
Number of errors larger than 0.01: 0
[       OK ] DirectSort/DirectSortTestFixture/5.SortTest (59254 ms)
[----------] 1 test from DirectSort/DirectSortTestFixture/5 (59254 ms total)

[----------] 1 test from DirectSort/DirectSortTestFixture/6, where TypeParam = std::integral_constant<unsigned long,256ul>
[ RUN      ] DirectSort/DirectSortTestFixture/6.SortTest
Using Ring Dimension: 131072
