Input array size: 729
Using Ring Dimension: 131072
Multiplicative depth: 40
Scaling Mod: 59
 == stage 0 == 
3 6 0 0 0
Level 5
 == End stage 0 == 
 == stage 1 == 
3 6 0 1 0
Level 5
 == End stage 1 == 
 == stage 2 == 
3 6 1 0 1
Level 5
 == End stage 2 == 
 == stage 3 == 
3 6 1 0 2
Level 5
 == End stage 3 == 
 == stage 4 == 
3 6 0 2 0
Level 5
 == End stage 4 == 
 == stage 5 == 
3 6 1 1 1
Level 5
 == End stage 5 == 
 == stage 6 == 
3 6 1 1 2
Level 5
 == End stage 6 == 
 == stage 7 == 
3 6 2 0 1
Level 5
 == End stage 7 == 
 == stage 8 == 
3 6 2 0 2
Level 5
 == End stage 8 == 
 == stage 9 == 
3 6 0 3 0
Level 5
 == End stage 9 == 
 == stage 10 == 
3 6 1 2 1
Level 5
 == End stage 10 == 
 == stage 11 == 
3 6 1 2 2
Level 5
 == End stage 11 == 
 == stage 12 == 
3 6 2 1 1
Level 5
 == End stage 12 == 
 == stage 13 == 
3 6 2 1 2
Level 5
 == End stage 13 == 
 == stage 14 == 
3 6 3 0 1
Level 5
 == End stage 14 == 
 == stage 15 == 
3 6 3 0 2
Level 5
 == End stage 15 == 
 == stage 16 == 
3 6 0 4 0
Level 5
 == End stage 16 == 
 == stage 17 == 
3 6 1 3 1
Level 5
 == End stage 17 == 
 == stage 18 == 
3 6 1 3 2
Level 5
 == End stage 18 == 
 == stage 19 == 
3 6 2 2 1
Level 5
 == End stage 19 == 
 == stage 20 == 
3 6 2 2 2
Level 5
 == End stage 20 == 
 == stage 21 == 
3 6 3 1 1
Level 5
 == End stage 21 == 
 == stage 22 == 
3 6 3 1 2
Level 5
 == End stage 22 == 
 == stage 23 == 
3 6 4 0 1
Level 5
 == End stage 23 == 
 == stage 24 == 
3 6 4 0 2
Level 5
 == End stage 24 == 
 == stage 25 == 
3 6 0 5 0
Level 5
 == End stage 25 == 
 == stage 26 == 
3 6 1 4 1
Level 5
 == End stage 26 == 
 == stage 27 == 
3 6 1 4 2
Level 5
 == End stage 27 == 
 == stage 28 == 
3 6 2 3 1
Level 5
 == End stage 28 == 
 == stage 29 == 
3 6 2 3 2
Level 5
 == End stage 29 == 
 == stage 30 == 
3 6 3 2 1
Level 5
 == End stage 30 == 
 == stage 31 == 
3 6 3 2 2
Level 5
 == End stage 31 == 
 == stage 32 == 
3 6 4 1 1
Level 5
 == End stage 32 == 
 == stage 33 == 
3 6 4 1 2
Level 5
 == End stage 33 == 
 == stage 34 == 
3 6 5 0 1
Level 5
 == End stage 34 == 
 == stage 35 == 
3 6 5 0 2
Level 5
 == End stage 35 == 
Level of output: 36
[ -0.00040436 0.000844137 0.00259127 0.00348622 0.00532499 0.00626471 0.00774892 0.00930373 0.0103545 0.0119786 0.0133311 0.0143619 0.01624 0.0171276 0.0186044 0.0199886 0.021553 0.022749 0.0242766 0.025603 0.0269832 0.0282224 0.0296991 0.0310289 0.032466 0.033689 0.035072 0.0365982 0.0375122 0.0393259 0.0408042 0.0421844 0.0432485 0.04476 0.0460041 0.0474237 0.049045 0.0502967 0.051599 0.053481 0.0537399 0.0558229 0.0570127 0.0587572 0.0597545 0.0610443 0.0626943 0.0639332 0.0652288 0.0664123 0.0678469 0.069533 0.0707703 0.0722701 0.0733965 0.0749044 0.0761344 0.0777172 0.0790009 0.0803072 0.0816561 0.083009 0.084477 0.0857383 0.0874508 0.0887548 0.0899047 0.0913653 0.0928255 0.0938818 0.0954269 0.0969143 0.0982681 0.099986 0.100925 0.102154 0.103898 0.104937 0.106472 0.108135 0.10938 0.110659 0.111816 0.113362 0.114532 0.115946 0.117267 0.11899 0.119989 0.121472 0.123165 0.124146 0.125799 0.126984 0.128203 0.129804 0.131259 0.132212 0.133734 0.135245 0.136826 0.13801 0.138807 0.140972 0.142335 0.143287 0.14513 0.146383 0.147601 0.148985 0.150008 0.151697 0.153115 0.154117 0.155864 0.157133 0.158408 0.16014 0.16087 0.162975 0.164377 0.165278 0.166559 0.167894 0.169664 0.170639 0.172213 0.173801 0.175119 0.17633 0.177458 0.179318 0.18054 0.181763 0.183254 0.184739 0.185808 0.187205 0.188832 0.190172 0.191261 0.192912 0.194422 0.195524 0.197027 0.198484 0.199925 0.200825 0.202542 0.203908 0.205055 0.206426 0.208131 0.209352 0.210999 0.212026 0.213545 0.214559 0.216547 0.217234 0.218995 0.220002 0.22159 0.222924 0.224631 0.225763 0.227515 0.228393 0.229918 0.230961 0.232803 0.233818 0.234959 0.236662 0.238129 0.239436 0.241051 0.242214 0.243344 0.244846 0.246502 0.247471 0.248996 0.250517 0.251708 0.253455 0.254582 0.256006 0.257031 0.259088 0.259726 0.26152 0.262835 0.264084 0.265581 0.266816 0.268309 0.269805 0.271008 0.272397 0.273889 0.275123 0.276548 0.277834 0.279459 0.280754 0.282216 0.283252 0.284822 0.285843 0.287454 0.288871 0.290226 0.291484 0.293084 0.294451 0.295511 0.297239 0.298552 0.299793 0.30151 0.302232 0.303872 0.305379 0.30664 0.308215 0.309382 0.310676 0.312543 0.313271 0.314953 0.316229 0.317668 0.319033 0.32055 0.321686 0.32304 0.324747 0.32575 0.327505 0.328635 0.330055 0.331282 0.332669 0.334014 0.335612 0.33694 0.338106 0.3398 0.340788 0.342318 0.343759 0.345191 0.346669 0.347629 0.349231 0.350412 0.352241 0.353269 0.3547 0.356547 0.356966 0.358831 0.360352 0.361646 0.362909 0.364482 0.365568 0.36699 0.368497 0.369385 0.370863 0.37257 0.374157 0.375181 0.376481 0.37841 0.379095 0.380859 0.382163 0.383485 0.385002 0.386747 0.387499 0.389217 0.390372 0.39181 0.392842 0.394731 0.395908 0.396996 0.398732 0.40006 0.401345 0.402975 0.40405 0.405645 0.406821 0.408143 0.409685 0.410877 0.412195 0.413437 0.415072 0.416678 0.417772 0.419005 0.420625 0.421584 0.423306 0.424718 0.426146 0.427974 0.428634 0.430187 0.431581 0.433108 0.434217 0.435614 0.43702 0.438434 0.439848 0.441297 0.442353 0.443903 0.445141 0.44648 0.448207 0.449128 0.450773 0.452001 0.453908 0.454254 0.456328 0.457579 0.459132 0.460211 0.46195 0.46313 0.46407 0.465769 0.467333 0.468379 0.470122 0.47082 0.472969 0.474398 0.475276 0.476812 0.478229 0.479407 0.481212 0.481634 0.483899 0.484901 0.486379 0.487899 0.489126 0.490309 0.491534 0.493436 0.494518 0.496129 0.497474 0.498682 0.500382 0.501799 0.502629 0.504218 0.505604 0.506994 0.508562 0.509454 0.511674 0.511837 0.514238 0.515221 0.516523 0.518044 0.519177 0.520522 0.52214 0.523365 0.524922 0.526258 0.527255 0.52888 0.530205 0.531802 0.533151 0.534458 0.535883 0.536981 0.538424 0.539717 0.541334 0.542687 0.544133 0.545424 0.54683 0.548284 0.549565 0.550727 0.55229 0.553707 0.554999 0.556301 0.557887 0.559208 0.560415 0.561904 0.563399 0.564542 0.565935 0.567187 0.568745 0.569721 0.571423 0.572941 0.574552 0.575329 0.576609 0.578449 0.579792 0.580938 0.582282 0.583987 0.585195 0.586722 0.587901 0.589446 0.590759 0.59194 0.593523 0.594556 0.596213 0.597509 0.59896 0.600255 0.601765 0.603208 0.604308 0.605759 0.607157 0.608182 0.610285 0.611302 0.612148 0.614044 0.615377 0.616618 0.618006 0.619424 0.620846 0.622254 0.623454 0.62502 0.626262 0.627738 0.629022 0.630403 0.631639 0.633184 0.634719 0.635722 0.637391 0.638685 0.640123 0.641264 0.642717 0.644209 0.645498 0.646832 0.648681 0.649385 0.650855 0.652355 0.653948 0.655253 0.65682 0.657829 0.659069 0.660772 0.662044 0.663143 0.664669 0.666204 0.667291 0.668539 0.670194 0.671837 0.673059 0.674254 0.675848 0.676856 0.678879 0.67947 0.681449 0.682367 0.68399 0.685304 0.686741 0.687687 0.689188 0.690666 0.692075 0.693384 0.695198 0.696442 0.697673 0.698753 0.700272 0.701817 0.70317 0.704712 0.706053 0.707095 0.709074 0.709763 0.711371 0.712694 0.71402 0.715551 0.716824 0.71825 0.719625 0.720967 0.722411 0.723841 0.725399 0.725963 0.727777 0.72931 0.73085 0.732075 0.733022 0.734823 0.73603 0.737418 0.738578 0.740399 0.741466 0.742832 0.744412 0.745717 0.74697 0.748495 0.749711 0.751479 0.752124 0.753782 0.755676 0.75655 0.758046 0.759396 0.760983 0.761742 0.763432 0.764754 0.765995 0.767451 0.769006 0.770177 0.771732 0.773035 0.774569 0.776072 0.776999 0.778433 0.779865 0.781424 0.782897 0.784107 0.785465 0.786824 0.788156 0.789698 0.790753 0.792418 0.793443 0.79522 0.796326 0.797873 0.799197 0.800564 0.801772 0.803216 0.804663 0.805859 0.807226 0.808587 0.810607 0.811215 0.81287 0.814336 0.815175 0.817225 0.81805 0.819868 0.821186 0.822371 0.823861 0.825248 0.826703 0.828103 0.829515 0.830847 0.831891 0.833715 0.834757 0.836188 0.837461 0.838885 0.840338 0.841623 0.84293 0.844189 0.845963 0.847002 0.848542 0.850362 0.850926 0.852622 0.854214 0.85549 0.856628 0.858357 0.859192 0.860974 0.862308 0.863256 0.86498 0.866453 0.867638 0.869365 0.870251 0.871741 0.873307 0.874893 0.875869 0.877131 0.878634 0.879817 0.881615 0.883293 0.884404 0.885366 0.887143 0.888369 0.889845 0.891213 0.892469 0.893935 0.895267 0.896736 0.897976 0.899393 0.900659 0.901645 0.903626 0.904708 0.906229 0.907317 0.908837 0.910014 0.911762 0.913094 0.914119 0.915743 0.916958 0.918654 0.919925 0.921008 0.922848 0.923762 0.925487 0.927056 0.928183 0.929281 0.931043 0.932605 0.933188 0.934967 0.936098 0.937841 0.939031 0.940452 0.941712 0.943317 0.94477 0.945678 0.947455 0.948765 0.950239 0.951521 0.952788 0.953968 0.956065 0.956461 0.958374 0.959715 0.960892 0.962395 0.963869 0.965179 0.966538 0.968048 0.969417 0.9706 0.971905 0.973174 0.974871 0.976033 0.977331 0.978973 0.980222 0.981617 0.983025 0.983954 0.986055 0.98696 0.988539 0.989898 0.991041 0.992464 0.993902 0.99528 0.996731 0.997951 -0.000282859 -0.0002089 -0.000176397 2.87269e-05 -0.00019299 -0.000345037 -0.000255595 -4.11184e-05 -0.000207191 -0.000254756 -9.40171e-05 -0.000263759 -5.44893e-05 -0.000183356 -3.88814e-05 -6.65219e-05 -0.000283148 -0.000147088 -0.000255631 -0.000204619 -8.35496e-05 -0.000219023 -2.02755e-05 -0.000275597 -0.000143262 -3.30731e-05 -0.000111869 -3.19131e-05 -0.000177838 -0.000312827 -0.00025114 -0.000317822 -4.89161e-05 -0.000171995 2.85439e-07 -0.000266868 -0.000379299 -0.000150023 3.96609e-06 -7.12085e-05 -0.000152823 -0.000104079 -0.000149829 -0.00012227 -0.00034242 -0.000264377 -0.00030531 -0.00021167 -0.000163551 -0.000125697 -0.000337864 -1.72223e-05 -0.000196866 -8.40115e-05 -0.000142209 -0.000167945 -0.000192156 -0.000231473 -0.000210859 -0.000170992 -0.000120085 -0.000325569 -0.000163628 -0.000288209 -0.000155554 -0.000187121 -0.000171569 -0.000253134 -0.000111398 -0.000439294 -0.000174432 -0.000150859 -0.000258079 -9.3936e-05 -0.000392128 -0.000265393 -0.000278885 -5.003e-05 -0.000111866 -0.000114496 -0.000312163 -0.000191801 -0.00015494 -0.000325126 -9.5699e-05 -6.15713e-05 -0.000245537 -0.000173774 -0.000181731 -9.84984e-05 -4.23955e-05 -0.000255447 -0.000154849 -0.000116997 -0.000251397 -0.000158659 -7.26015e-05 -0.000169469 -0.000102384 -0.000126575 -0.000198118 -0.000280059 -0.000176062 -0.000107423 -0.000291485 -0.000308892 -5.6369e-05 8.9453e-05 -5.95478e-05 -0.000114459 -0.000133815 -0.000121258 -6.55021e-05 -0.000130644 -0.000175437 -0.000263305 2.0292e-05 -0.000272015 -0.000287408 -0.000136557 -0.000364509 -0.000319999 -0.000212878 -0.000319586 -0.000113864 -0.000104726 -0.00022596 -0.000111272 -0.000385514 -0.000140951 -0.000118868 -0.000243134 -5.3657e-05 -0.000140863 -0.000201296 -0.000197219 2.2953e-05 -0.000293157 -0.000121037 -0.000244115 -0.00013028 -5.68419e-05 -8.78166e-05 -6.27755e-05 -0.000258721 -0.000250989 -0.0001937 -0.00013059 -0.000135395 -0.000193031 -0.000343858 -0.000324082 -0.000130357 -0.000183874 -4.49454e-05 -0.000195659 -0.00021169 -0.00027225 -0.000136639 -0.000138061 -0.000119692 -0.000373292 7.82732e-05 -0.000283345 -0.00017916 -0.000295542 -0.000434896 -0.000282454 -1.09583e-05 -0.000111618 -0.000115127 2.70605e-05 -0.000270596 -0.000214395 -9.29159e-05 -3.984e-05 -0.000229459 -0.000134295 -0.000228058 -7.06788e-06 -0.000246511 -0.000227906 -0.000231129 -0.000250593 -0.000207182 -0.000186268 -0.000269729 -0.000201875 -4.05991e-05 -0.000299873 -0.000230779 -0.000167913 -0.000230946 -0.000200162 -0.000138927 -0.000135127 -0.000349632 -0.000129122 -0.000221188 -8.67272e-05 -0.00026456 -0.000150764 -8.50886e-05 -0.000232666 -0.000240962 -0.000180324 -0.000147244 -0.000152307 -5.06689e-05 -0.00019188 -0.000129591 -0.000220342 -0.000162685 -0.000431572 1.86512e-05 -0.0002438 -0.000328336 -8.2558e-06 -0.000247136 -2.77824e-05 -8.87592e-05 -0.00016638 -5.12083e-05 -7.73148e-05 -0.000256107 -0.000361797 -0.0003389 -0.000246352 -0.000185992 -9.09586e-05 -0.000192379 -8.82091e-05 -7.93019e-05 -0.000244393 -5.44138e-05 -0.000146016 -7.47377e-05 -3.86564e-05 -0.00020388 -0.000241549 -0.000330816 -0.000138597 -0.00020248 -0.000198713 -0.000213584 -5.06007e-06 -0.000178467 -0.000266826 -0.000121438 -0.000238964 1.04273e-05 -0.000252997 -5.02223e-05 -5.59148e-05 -0.000176796 -0.000269888 -0.000190384 -4.27435e-05 -0.000116219 -0.000144541 -0.000274253 -8.10227e-05 -0.000143731 -0.000151627 -0.00029061 -7.37728e-06 -0.000183797 -0.000139547 -0.000260362 -8.55499e-05 -0.000240408 -0.000316531 -0.000225179 -0.00017054 -8.95402e-05 -0.000127114 -0.000196668 -0.000121014 -0.000277028 -0.000339842 -0.000155518 -0.000178068 -0.000198051 -0.000159438 -0.000257622 -8.45415e-05 -0.000199278 -0.000381411 -0.000136932 -4.79118e-05 -5.77919e-05 -0.000271123 -0.000290883 -0.00024183 -0.000120784 ]: ctxt_out Level: 36, LogPrecision: 13
Result Level: 36

Performance Analysis:
Execution time: 3776598 ms

Error Analysis:
Maximum error: 0.00115693 (log2: -9.75548)
Average error: 0.000555422 (log2: -10.8141)
Number of errors >= 0.01: 0
[       OK ] KWaySortTestFixture/4.SortTest (3798975 ms)
[----------] 1 test from KWaySortTestFixture/4 (3798975 ms total)

[----------] Global test environment tear-down
[==========] 5 tests from 5 test suites ran. (8408528 ms total)
[  PASSED  ] 5 tests.
