Input array size: 128
Multiplicative depth: 30
Scaling Mod: 40
Sign Configuration: CompositeSign(3, 3, 2)
Final Level: 30
input:
[ 0.664062 0.648438 0.90625 0.273438 0.867188 0.734375 0.539062 0.8125 0.242188 0.773438 0.617188 0.757812 0.484375 0.359375 0.078125 0.234375 0.742188 0.9375 0.09375 0.390625 0.5 0.453125 0.523438 0.804688 0.171875 0.109375 0.226562 0.796875 0.882812 0.382812 0.914062 0.851562 0.625 0.375 0.125 0.0390625 0.695312 0.71875 0.101562 0.0546875 0.320312 0.03125 0.265625 0.21875 0.179688 0.632812 0.929688 0.164062 0.5625 0.046875 0.789062 0.960938 0.257812 0.765625 0.40625 0.0078125 0.351562 0.84375 0.289062 0.296875 0.75 0.0625 0.984375 0.210938 0.898438 0.335938 0.710938 0.671875 0.601562 0.546875 0.34375 0.828125 0.53125 0.570312 0.992188 0.25 0.703125 0.3125 0.96875 0.890625 0.476562 0.328125 0.0859375 0.820312 0.976562 0.4375 0.28125 0.859375 0.835938 0.515625 0.421875 0.953125 0.6875 0.679688 0.117188 0.148438 0.585938 0.1875 0.132812 0.15625 0.195312 0.140625 0.640625 0 0.46875 0.445312 0.015625 0.65625 0.507812 0.78125 0.945312 0.367188 0.578125 0.304688 0.875 0.59375 0.554688 0.726562 0.414062 0.609375 0.460938 0.0234375 0.921875 0.0703125 0.398438 0.429688 0.203125 0.492188 ]
output:
[ 7.19839e-07 0.00782274 0.0156196 0.0234336 0.0312559 0.0390633 0.0468749 0.0546926 0.0624985 0.0703112 0.0781179 0.0859279 0.093743 0.101568 0.109367 0.117196 0.124998 0.132808 0.140622 0.148437 0.156251 0.164064 0.17187 0.17969 0.187497 0.19531 0.203117 0.210933 0.218759 0.226569 0.234382 0.242185 0.25 0.257824 0.265624 0.273442 0.281248 0.289063 0.296865 0.30468 0.312498 0.320311 0.32811 0.335932 0.343744 0.351566 0.35938 0.367169 0.374995 0.382813 0.390626 0.398448 0.406246 0.414052 0.421872 0.429681 0.437505 0.445302 0.453137 0.46093 0.468748 0.476578 0.484387 0.492185 0.5 0.507817 0.515628 0.523435 0.531235 0.539059 0.546875 0.554693 0.562494 0.570308 0.578124 0.585921 0.593747 0.601558 0.60938 0.617181 0.624993 0.632791 0.640625 0.648445 0.656239 0.664064 0.671874 0.679691 0.687495 0.695307 0.703112 0.710924 0.718746 0.726568 0.734369 0.742182 0.750008 0.757799 0.765629 0.773436 0.78128 0.789055 0.796875 0.804691 0.812503 0.820298 0.82813 0.835926 0.843756 0.851569 0.859369 0.867202 0.874978 0.88281 0.890635 0.898419 0.906259 0.914067 0.921903 0.929686 0.937497 0.945313 0.953108 0.960943 0.968726 0.976562 0.984388 0.992191 ]

Performance Analysis:
Execution time: 50302 ms

Error Analysis:
Maximum error: 2.98614e-05 (log2: -15.0314)
Average error: 6.5856e-06 (log2: -17.2123)
Number of errors larger than 0.01: 0
[       OK ] DirectSort/DirectSortTestFixture/5.SortTest (59006 ms)
[----------] 1 test from DirectSort/DirectSortTestFixture/5 (59006 ms total)

[----------] 1 test from DirectSort/DirectSortTestFixture/6, where TypeParam = std::integral_constant<unsigned long,256ul>
[ RUN      ] DirectSort/DirectSortTestFixture/6.SortTest
Using Ring Dimension: 131072
