Input array size: 64
Multiplicative depth: 29
Scaling Mod: 40
Sign Configuration: CompositeSign(3, 3, 2)
Final Level: 29
input:
[ 0.5 0.0625 0.359375 0 0.203125 0.875 0.96875 0.859375 0.609375 0.546875 0.421875 0.5625 0.578125 0.890625 0.75 0.390625 0.3125 0.171875 0.796875 0.03125 0.328125 0.65625 0.25 0.296875 0.484375 0.1875 0.703125 0.953125 0.375 0.46875 0.671875 0.09375 0.828125 0.765625 0.53125 0.109375 0.4375 0.125 0.515625 0.84375 0.921875 0.265625 0.625 0.9375 0.59375 0.140625 0.21875 0.046875 0.6875 0.078125 0.453125 0.90625 0.734375 0.015625 0.71875 0.34375 0.78125 0.234375 0.15625 0.40625 0.640625 0.984375 0.28125 0.8125 ]
output:
[ -3.12632e-06 0.0156229 0.0312472 0.0468751 0.062501 0.0781245 0.0937495 0.109376 0.125004 0.140627 0.156248 0.17187 0.187498 0.203119 0.218754 0.234377 0.249996 0.265623 0.281248 0.296874 0.312501 0.32812 0.343756 0.359377 0.375001 0.390622 0.406248 0.421868 0.437497 0.453122 0.468751 0.484366 0.5 0.515625 0.531245 0.546871 0.562503 0.578122 0.593746 0.609372 0.625001 0.640623 0.656257 0.671875 0.687494 0.703126 0.718752 0.734366 0.749997 0.765626 0.781253 0.796867 0.812505 0.828119 0.843753 0.859379 0.874997 0.890631 0.906255 0.921876 0.937499 0.953125 0.968754 0.984376 ]

Performance Analysis:
Execution time: 35123 ms

Error Analysis:
Maximum error: 8.85692e-06 (log2: -16.7848)
Average error: 3.04625e-06 (log2: -18.3245)
Number of errors larger than 0.01: 0
[       OK ] DirectSort/DirectSortTestFixture/4.SortTest (42492 ms)
[----------] 1 test from DirectSort/DirectSortTestFixture/4 (42492 ms total)

[----------] 1 test from DirectSort/DirectSortTestFixture/5, where TypeParam = std::integral_constant<unsigned long,128ul>
[ RUN      ] DirectSort/DirectSortTestFixture/5.SortTest
Using Ring Dimension: 131072
