Input array size: 256
Multiplicative depth: 34
Scaling Mod: 40
Sign Configuration: CompositeSign(3, 4, 2)
Final Level: 34
input:
[ 0.792969 0.367188 0.125 0.292969 0.3125 0.121094 0.671875 0.496094 0.847656 0.511719 0.234375 0.75 0.449219 0.613281 0.261719 0.996094 0.308594 0.605469 0.339844 0.492188 0.0820312 0.398438 0.910156 0.976562 0.882812 0.71875 0.8125 0.0585938 0.289062 0.742188 0.746094 0.648438 0.363281 0.558594 0.871094 0.179688 0.789062 0.710938 0.914062 0.160156 0.625 0.460938 0.0507812 0.390625 0.378906 0.40625 0.507812 0.421875 0.632812 0.210938 0.597656 0.703125 0.0234375 0.191406 0.226562 0.410156 0.945312 0.90625 0.386719 0.0117188 0.726562 0.273438 0.5625 0.1875 0.660156 0.417969 0.851562 0.28125 0.921875 0.664062 0 0.230469 0.816406 0.765625 0.0703125 0.980469 0.886719 0.714844 0.601562 0.992188 0.480469 0.4375 0.957031 0.582031 0.695312 0.652344 0.757812 0.03125 0.21875 0.78125 0.269531 0.257812 0.0898438 0.753906 0.285156 0.515625 0.445312 0.554688 0.140625 0.59375 0.828125 0.207031 0.199219 0.875 0.800781 0.65625 0.925781 0.171875 0.898438 0.371094 0.734375 0.441406 0.859375 0.414062 0.5 0.00390625 0.46875 0.382812 0.238281 0.542969 0.933594 0.574219 0.164062 0.304688 0.691406 0.046875 0.503906 0.675781 0.835938 0.09375 0.15625 0.175781 0.148438 0.402344 0.699219 0.0859375 0.464844 0.867188 0.25 0.0976562 0.808594 0.476562 0.820312 0.585938 0.355469 0.894531 0.34375 0.722656 0.484375 0.0273438 0.941406 0.578125 0.960938 0.0390625 0.0078125 0.953125 0.0351562 0.644531 0.0195312 0.9375 0.902344 0.253906 0.539062 0.53125 0.335938 0.917969 0.890625 0.203125 0.0546875 0.433594 0.0429688 0.761719 0.242188 0.535156 0.394531 0.566406 0.105469 0.277344 0.546875 0.183594 0.769531 0.429688 0.015625 0.949219 0.457031 0.328125 0.152344 0.84375 0.523438 0.707031 0.113281 0.222656 0.773438 0.0742188 0.078125 0.636719 0.984375 0.796875 0.730469 0.136719 0.929688 0.300781 0.132812 0.628906 0.296875 0.738281 0.824219 0.96875 0.351562 0.214844 0.101562 0.0664062 0.453125 0.246094 0.316406 0.878906 0.265625 0.527344 0.609375 0.863281 0.6875 0.425781 0.117188 0.621094 0.359375 0.964844 0.488281 0.519531 0.855469 0.320312 0.128906 0.972656 0.804688 0.332031 0.347656 0.832031 0.839844 0.550781 0.617188 0.589844 0.683594 0.195312 0.472656 0.167969 0.375 0.324219 0.988281 0.570312 0.777344 0.640625 0.109375 0.144531 0.0625 0.785156 0.679688 0.667969 ]
output:
[ 6.0617e-05 0.00371663 0.00788789 0.0116878 0.0157037 0.0193633 0.0232797 0.0272647 0.0311523 0.0353182 0.0389243 0.0430835 0.0470599 0.0508345 0.054692 0.0585229 0.0624429 0.0662842 0.0703369 0.0742026 0.0780352 0.082118 0.0860154 0.0897922 0.0937272 0.0975174 0.101444 0.105523 0.109481 0.113268 0.117178 0.120962 0.124987 0.128959 0.132723 0.136532 0.140587 0.144636 0.148417 0.152306 0.15619 0.160143 0.164054 0.168117 0.171845 0.175669 0.179989 0.183709 0.187433 0.191444 0.195514 0.19918 0.203149 0.206983 0.210892 0.214656 0.218714 0.222638 0.226567 0.230439 0.234376 0.238315 0.242251 0.24587 0.250194 0.253899 0.257949 0.261871 0.265621 0.269438 0.273583 0.277199 0.281446 0.285251 0.289047 0.293286 0.296761 0.300687 0.304812 0.308577 0.312399 0.316299 0.320115 0.324127 0.328277 0.332042 0.336009 0.339667 0.343606 0.347594 0.351679 0.355645 0.359358 0.363241 0.367155 0.371062 0.374741 0.379153 0.382706 0.386888 0.390565 0.394636 0.398508 0.402323 0.40616 0.410125 0.413992 0.41788 0.421852 0.425943 0.429702 0.433618 0.437649 0.441388 0.445269 0.449388 0.452999 0.456855 0.460847 0.464643 0.46862 0.472852 0.47655 0.480359 0.484347 0.488201 0.492102 0.496205 0.499911 0.504124 0.507791 0.511652 0.515507 0.519441 0.523543 0.527257 0.531031 0.535291 0.53897 0.54301 0.546888 0.55087 0.554731 0.558844 0.562373 0.566499 0.570301 0.574472 0.57809 0.581992 0.586041 0.589533 0.593972 0.597709 0.601307 0.605366 0.609521 0.613396 0.617208 0.621049 0.624925 0.628688 0.63279 0.636801 0.640672 0.64459 0.648456 0.652063 0.656423 0.66007 0.664235 0.667988 0.6719 0.675492 0.679657 0.683521 0.687605 0.691563 0.695124 0.699296 0.703464 0.707061 0.710728 0.71502 0.718959 0.722544 0.726565 0.730528 0.734434 0.738303 0.742404 0.746137 0.75014 0.753936 0.757639 0.761726 0.76553 0.769506 0.773675 0.777276 0.781361 0.785435 0.789152 0.79303 0.796764 0.80079 0.80466 0.808492 0.81254 0.816438 0.820417 0.824097 0.828312 0.832039 0.836039 0.839864 0.843731 0.847451 0.851694 0.855391 0.859523 0.863316 0.867651 0.870743 0.874976 0.879022 0.882983 0.886794 0.890616 0.894647 0.898338 0.902511 0.906402 0.909843 0.913893 0.917986 0.921901 0.92598 0.929529 0.933636 0.937637 0.941725 0.945267 0.949301 0.953195 0.957084 0.960908 0.965515 0.968772 0.97284 0.976345 0.980572 0.984469 0.988142 0.992632 0.996021 ]

Performance Analysis:
Execution time: 79746 ms

Error Analysis:
Maximum error: 0.000671569 (log2: -10.5402)
Average error: 0.000106488 (log2: -13.197)
Number of errors larger than 0.01: 0
[       OK ] DirectSort/DirectSortTestFixture/6.SortTest (91031 ms)
[----------] 1 test from DirectSort/DirectSortTestFixture/6 (91031 ms total)

[----------] 1 test from DirectSort/DirectSortTestFixture/7, where TypeParam = std::integral_constant<unsigned long,512ul>
[ RUN      ] DirectSort/DirectSortTestFixture/7.SortTest
Using Ring Dimension: 131072
