Input array size: 625
Using Ring Dimension: 131072
Multiplicative depth: 40
Scaling Mod: 59
 == stage 0 == 
5 4 0 0 0
Level 7
 == End stage 0 == 
 == stage 1 == 
5 4 0 1 0
Level 7
 == End stage 1 == 
 == stage 2 == 
5 4 1 0 1
Level 7
 == End stage 2 == 
 == stage 3 == 
5 4 1 0 2
Level 7
 == End stage 3 == 
 == stage 4 == 
5 4 1 0 3
Level 7
 == End stage 4 == 
 == stage 5 == 
5 4 0 2 0
Level 7
 == End stage 5 == 
 == stage 6 == 
5 4 1 1 1
Level 7
 == End stage 6 == 
 == stage 7 == 
5 4 1 1 2
Level 7
 == End stage 7 == 
 == stage 8 == 
5 4 1 1 3
Level 7
 == End stage 8 == 
 == stage 9 == 
5 4 2 0 1
Level 7
 == End stage 9 == 
 == stage 10 == 
5 4 2 0 2
Level 7
 == End stage 10 == 
 == stage 11 == 
5 4 2 0 3
Level 7
 == End stage 11 == 
 == stage 12 == 
5 4 0 3 0
Level 7
 == End stage 12 == 
 == stage 13 == 
5 4 1 2 1
Level 7
 == End stage 13 == 
 == stage 14 == 
5 4 1 2 2
Level 7
 == End stage 14 == 
 == stage 15 == 
5 4 1 2 3
Level 7
 == End stage 15 == 
 == stage 16 == 
5 4 2 1 1
Level 7
 == End stage 16 == 
 == stage 17 == 
5 4 2 1 2
Level 7
 == End stage 17 == 
 == stage 18 == 
5 4 2 1 3
Level 7
 == End stage 18 == 
 == stage 19 == 
5 4 3 0 1
Level 7
 == End stage 19 == 
 == stage 20 == 
5 4 3 0 2
Level 7
 == End stage 20 == 
 == stage 21 == 
5 4 3 0 3
Level 7
 == End stage 21 == 
Level of output: 28
[ 5.09669e-05 0.00153942 0.00308066 0.00481972 0.00617111 0.0079348 0.00933349 0.0110488 0.01281 0.0142105 0.0161819 0.0171643 0.0191274 0.020686 0.022236 0.0236833 0.0254351 0.027327 0.0282451 0.0302415 0.0317406 0.0335413 0.0348591 0.0367206 0.0382647 0.0397991 0.0415632 0.043001 0.0447362 0.0461899 0.0478605 0.0494168 0.0513101 0.0526926 0.0541886 0.0559563 0.0576605 0.0588623 0.0607821 0.06205 0.0638202 0.0655102 0.0669304 0.068723 0.0702891 0.0718437 0.0734751 0.0751659 0.0768973 0.078088 0.0800012 0.0813334 0.0829489 0.0846295 0.0864219 0.0877301 0.0891056 0.0910037 0.0928055 0.0941943 0.0958284 0.0974095 0.0992657 0.100536 0.102306 0.103795 0.105558 0.106883 0.108671 0.110121 0.11186 0.113407 0.115024 0.116628 0.118181 0.119967 0.121735 0.122827 0.124641 0.126289 0.128019 0.129512 0.130981 0.132945 0.134158 0.135853 0.137333 0.139111 0.140671 0.142316 0.143993 0.145445 0.147111 0.14864 0.150083 0.15205 0.153371 0.1551 0.156763 0.158188 0.15986 0.161527 0.162816 0.164734 0.166483 0.167792 0.169206 0.171061 0.172652 0.174388 0.175701 0.17736 0.179162 0.180597 0.182234 0.184011 0.185365 0.18684 0.1887 0.190504 0.191729 0.193335 0.195072 0.196806 0.198199 0.199764 0.201441 0.203149 0.204676 0.206244 0.207879 0.209466 0.211104 0.212594 0.214298 0.215709 0.217553 0.218928 0.220666 0.222295 0.223895 0.225158 0.22708 0.228648 0.230325 0.231668 0.233517 0.234961 0.236857 0.238161 0.239955 0.241065 0.243183 0.244446 0.24622 0.247899 0.24941 0.250984 0.252673 0.254197 0.255871 0.257488 0.259031 0.260608 0.262391 0.263838 0.265351 0.266957 0.268692 0.270348 0.27165 0.273539 0.274971 0.276538 0.278332 0.279854 0.281489 0.283081 0.284688 0.28633 0.288032 0.289291 0.291059 0.292774 0.294261 0.295924 0.297436 0.29913 0.300566 0.302449 0.303751 0.305476 0.306978 0.308711 0.310375 0.311855 0.313388 0.315103 0.316799 0.318352 0.31967 0.3218 0.322729 0.32477 0.326227 0.327736 0.329382 0.331178 0.332828 0.334385 0.336175 0.336974 0.339141 0.340615 0.34227 0.343833 0.345378 0.347303 0.348542 0.350332 0.351892 0.353338 0.355082 0.356484 0.358252 0.360006 0.361434 0.363078 0.364773 0.366285 0.367836 0.369518 0.371164 0.372688 0.374462 0.375855 0.377427 0.379028 0.380673 0.382295 0.384004 0.385451 0.386953 0.388683 0.390505 0.391795 0.393489 0.394964 0.396687 0.398197 0.399861 0.401536 0.402985 0.404803 0.406236 0.407697 0.409554 0.411 0.412715 0.414436 0.416036 0.417424 0.419152 0.420704 0.422299 0.423982 0.425487 0.427011 0.428544 0.430343 0.431822 0.433824 0.434812 0.436684 0.438192 0.439817 0.441362 0.443067 0.444699 0.445997 0.447916 0.449404 0.451003 0.452734 0.454381 0.455595 0.457369 0.459221 0.460784 0.462319 0.463876 0.465374 0.467126 0.468892 0.470227 0.471721 0.473438 0.474966 0.476699 0.478057 0.47974 0.481413 0.482983 0.484679 0.486249 0.4879 0.489396 0.491034 0.492657 0.494285 0.495768 0.497441 0.499126 0.500579 0.502364 0.503911 0.505372 0.507315 0.508526 0.510283 0.51199 0.513299 0.515095 0.516736 0.518365 0.519797 0.521617 0.523259 0.524693 0.526268 0.527921 0.529457 0.531284 0.532566 0.534507 0.53569 0.537465 0.53894 0.540727 0.542492 0.543859 0.545545 0.547118 0.548586 0.550477 0.551799 0.553537 0.555023 0.556611 0.558279 0.559764 0.561435 0.562897 0.564667 0.566234 0.567705 0.569433 0.571213 0.572444 0.574304 0.575659 0.577407 0.579135 0.580686 0.582355 0.583783 0.585466 0.58706 0.588841 0.590236 0.591816 0.593459 0.595002 0.596791 0.598407 0.599317 0.601568 0.603037 0.604693 0.606377 0.607843 0.609489 0.611105 0.612808 0.614316 0.615793 0.617579 0.619026 0.620647 0.622243 0.623869 0.62536 0.62707 0.628631 0.630471 0.631834 0.633469 0.634916 0.636658 0.638411 0.639693 0.641526 0.643002 0.64466 0.646218 0.64787 0.649398 0.651085 0.65277 0.65448 0.655602 0.657523 0.658901 0.660713 0.662088 0.664092 0.665425 0.666922 0.668696 0.670174 0.671815 0.673452 0.675248 0.67634 0.678562 0.679827 0.681609 0.683032 0.684751 0.686181 0.687885 0.689458 0.691086 0.692593 0.694564 0.695638 0.697581 0.699064 0.70057 0.702271 0.703954 0.705497 0.707108 0.708634 0.710336 0.711836 0.71349 0.715247 0.71665 0.718233 0.719651 0.721425 0.722912 0.724855 0.725815 0.728115 0.729442 0.731205 0.732406 0.734392 0.735691 0.73741 0.738997 0.740696 0.742318 0.744069 0.745454 0.747051 0.748731 0.750347 0.751856 0.753236 0.755054 0.756564 0.758347 0.759963 0.761418 0.763047 0.764742 0.766251 0.76789 0.769281 0.771074 0.772505 0.774538 0.775823 0.777387 0.779051 0.780676 0.78232 0.78389 0.785515 0.786976 0.788791 0.790278 0.79193 0.793593 0.795228 0.796755 0.798368 0.799814 0.801592 0.80301 0.804726 0.806228 0.807908 0.809388 0.811094 0.812576 0.814448 0.815849 0.817375 0.819116 0.820711 0.822119 0.823863 0.825419 0.82719 0.828606 0.8302 0.831881 0.833529 0.835081 0.836735 0.838304 0.839775 0.841593 0.843084 0.844471 0.846334 0.847694 0.849412 0.851019 0.852656 0.854126 0.855956 0.85733 0.859165 0.860894 0.862019 0.863958 0.865143 0.866907 0.868738 0.87012 0.871867 0.873452 0.875194 0.876666 0.878334 0.879963 0.881398 0.883039 0.884646 0.886095 0.887832 0.889594 0.891092 0.892699 0.894377 0.895841 0.897621 0.899018 0.900842 0.902098 0.903826 0.905638 0.906846 0.90877 0.910241 0.911742 0.91336 0.914979 0.91663 0.918102 0.919661 0.921606 0.923065 0.924429 0.926353 0.927868 0.929538 0.930708 0.932695 0.934313 0.935873 0.93751 0.939183 0.940419 0.942287 0.943841 0.945451 0.94722 0.948566 0.950156 0.951809 0.953491 0.955012 0.956741 0.958202 0.959829 0.961283 0.963025 0.964748 0.966356 0.968006 0.969248 0.971315 0.972809 0.974235 0.975693 0.977466 0.978844 0.980756 0.982324 0.983833 0.985502 0.987082 0.988771 0.99031 0.991895 0.993354 0.995167 0.996589 0.998212 -5.50873e-05 -3.04662e-05 -0.000176348 -6.47644e-05 -0.000150935 -0.000140207 -5.01908e-05 -0.000115238 -9.46909e-05 -5.99456e-05 -0.00018901 -6.08943e-05 -5.6048e-05 -0.000104156 -3.489e-05 -2.09611e-06 -1.38237e-05 3.93069e-05 1.1073e-05 -8.55191e-07 -2.13497e-05 7.91964e-06 -9.18169e-05 -0.000118718 -0.000154585 -2.85884e-05 9.77579e-06 -0.000167962 -7.29351e-05 -6.12289e-06 -0.000152361 -0.000131158 -2.71574e-05 -0.00017454 -7.80958e-05 -1.5465e-05 -0.000208611 -5.37457e-05 -8.92915e-05 -4.91443e-06 -0.000104809 -1.52193e-06 -0.000102598 -9.69867e-05 1.66952e-05 -4.02548e-05 4.54202e-05 -2.04519e-05 -6.78337e-05 1.50071e-05 1.37665e-06 -7.41378e-06 -0.000137323 -7.16742e-05 -7.79031e-05 -9.47432e-05 -0.000105733 1.60772e-05 -8.89927e-05 -8.92865e-05 -0.000165113 -6.5858e-05 -1.29475e-05 4.45802e-05 3.45516e-05 -9.27529e-05 -0.000100109 5.07595e-05 -6.14044e-06 -2.31767e-05 2.52824e-05 -0.00012379 -0.00012116 -4.81677e-05 -4.39263e-05 -6.03015e-06 -6.51586e-05 -6.72161e-05 -0.000105049 -0.000207779 0.000103762 -4.45971e-05 -2.03853e-06 -7.44445e-05 -0.000157933 -0.000105668 -7.45678e-05 -0.000177501 9.86068e-05 -0.000109872 -0.000155334 -1.15114e-05 -5.80018e-05 -0.000130073 -5.73087e-05 -7.30784e-05 2.20182e-05 -6.65632e-05 -9.94434e-05 -0.000162857 -0.000205934 -4.44936e-05 -0.000148966 -6.02911e-05 -5.29661e-05 -5.59205e-05 -0.000136183 -8.80331e-05 -0.000115393 3.51697e-05 -4.36163e-05 -4.44569e-05 -5.26125e-05 -5.93874e-05 -4.28894e-05 -0.000155842 -1.80208e-05 2.63867e-05 -0.000104188 -7.9226e-05 -7.28928e-05 -0.000158319 -0.000100396 -9.963e-05 -0.000102314 -6.23622e-05 -8.54407e-05 -7.36464e-06 -0.000134662 -3.97969e-06 -6.2579e-05 -6.26068e-05 -3.20866e-05 -9.9569e-05 -2.62111e-05 -0.000107625 -6.11539e-05 -1.25778e-05 -1.83073e-05 -3.61772e-05 -0.000292712 -2.51614e-05 -1.1933e-05 -0.000127459 -7.74862e-05 -0.000114705 3.74583e-05 -9.46672e-05 -2.37742e-05 -0.000171692 -0.000189685 -0.000153038 -0.000115639 -6.68835e-06 -8.35899e-05 -4.31836e-05 -3.03884e-05 -3.56552e-05 -3.21917e-05 4.14992e-05 -3.63687e-05 -0.000135661 2.91042e-05 6.68704e-05 -9.18626e-05 -0.000135081 3.94592e-05 -0.000166266 -4.70435e-05 -1.71278e-05 -6.40941e-06 1.95762e-05 2.28055e-05 -0.000109932 -0.000221445 -8.99854e-05 -7.34576e-05 -4.77436e-05 -0.000135258 -7.14701e-05 -7.18232e-05 -0.00015891 -0.000183069 -0.000109366 -3.75487e-05 2.39164e-05 -4.2288e-05 -0.000181619 7.99756e-05 -9.91464e-05 -0.000103448 -8.70453e-05 -4.86652e-05 2.14982e-05 -7.39894e-05 6.15919e-05 -5.34215e-05 -1.55428e-05 -0.000141998 -0.000136674 -8.66985e-06 -4.9761e-05 -0.000102967 2.46618e-05 3.51254e-05 -0.000143471 -9.30891e-05 1.73987e-05 -9.87929e-05 -6.21618e-05 -0.000129065 -0.000116837 -2.43776e-05 -8.81481e-05 -0.000113884 -7.3348e-05 -8.65562e-05 -0.000157165 -4.04416e-05 -6.08031e-05 -0.000115485 -2.48856e-05 -4.91661e-05 -5.31203e-05 -2.42003e-05 -0.000175535 -2.02154e-05 -1.17809e-05 -8.82793e-05 -0.000121552 -0.000313158 3.74126e-05 -7.24767e-07 -5.18275e-05 -5.89366e-06 -4.79363e-05 1.75596e-05 1.15182e-05 -0.000105695 -0.000129096 6.35674e-05 -3.91501e-05 -0.000112588 -5.20523e-05 -3.02095e-05 -2.42261e-06 4.43346e-05 -9.76164e-05 -8.27992e-05 -5.76428e-06 -2.24673e-05 2.94321e-05 -2.99086e-05 -0.000128054 -2.13746e-05 2.56247e-05 -0.000111543 3.13884e-05 -5.37362e-05 -0.000128319 -6.50543e-05 -6.11033e-05 -8.36433e-05 -7.33856e-05 -4.22802e-05 -0.000139822 5.09031e-05 -7.15562e-05 -0.000114991 -0.00013191 -0.000101658 -0.000222202 -0.000100724 -2.10468e-05 2.24789e-05 -7.49594e-05 -8.70782e-05 -9.00649e-05 -0.000117838 -0.000101762 -0.000225036 -0.000137963 -1.37617e-05 -0.000162417 -3.63087e-05 -6.40349e-05 -0.000136197 -0.000116119 3.19398e-06 -3.65645e-05 -9.68783e-05 -3.26825e-05 -0.00025266 -0.000167047 -0.000220067 -6.6298e-05 -5.69343e-05 -1.76159e-05 -7.76916e-05 -0.000148762 -4.13226e-05 1.25065e-05 7.46166e-05 -9.2632e-05 -4.24759e-05 -4.3108e-05 -7.67445e-05 -0.000175277 -6.61188e-05 -7.12448e-05 -8.13262e-05 4.66422e-05 1.04432e-05 2.38663e-05 -3.48705e-05 -4.70442e-05 -3.50545e-05 -6.21638e-05 -0.000157149 -8.00903e-05 -6.35962e-06 -2.28395e-05 -4.04702e-05 -3.3798e-05 -0.000201437 -0.000176556 -6.63812e-05 -5.86769e-05 2.54914e-05 -7.43986e-05 -1.72372e-05 -0.000118961 -0.000152977 0.000175499 -9.53353e-05 4.61361e-07 7.23473e-06 -6.27401e-05 -0.000144019 -5.96549e-05 3.64472e-05 -0.000128514 -0.000145714 -0.000181396 4.29984e-05 -0.000147626 -5.65689e-05 -4.59701e-05 -0.000139285 -7.83124e-05 -1.72223e-05 -6.82422e-05 -0.000132793 -0.000147603 -3.48173e-05 3.50766e-05 -4.75574e-05 -9.71215e-05 -5.68368e-05 -1.22935e-05 -0.000140179 -0.000102437 -8.19443e-05 -0.000160899 -8.07224e-05 -0.000185405 -0.00010517 -2.55131e-05 -1.12681e-05 -8.68408e-05 2.8414e-06 -0.000167249 2.71517e-05 2.67652e-05 5.27403e-05 6.97607e-05 -9.76734e-05 -5.89861e-05 -0.000110783 -7.99496e-05 -0.000168655 -1.13766e-05 -0.000123315 -0.000177425 -1.04907e-05 -0.000130576 -5.43112e-05 -0.000176853 -3.2621e-05 -0.00017063 -7.26792e-05 -0.000122494 -0.000193003 -3.46277e-05 -0.000120737 5.61429e-05 6.51322e-06 -0.000184326 -5.79195e-05 ]: ctxt_out Level: 28, LogPrecision: 14
Result Level: 28

Performance Analysis:
Execution time: 4509881 ms

Error Analysis:
Maximum error: 0.000598623 (log2: -10.7061)
Average error: 0.000152011 (log2: -12.6835)
Number of errors >= 0.01: 0
[       OK ] KWaySortTestFixture/2.SortTest (4531570 ms)
[----------] 1 test from KWaySortTestFixture/2 (4531570 ms total)

[----------] Global test environment tear-down
[==========] 3 tests from 3 test suites ran. (6963667 ms total)
[  PASSED  ] 3 tests.
