Input array size: 625
Using Ring Dimension: 131072
Multiplicative depth: 40
Scaling Mod: 59
 == stage 0 == 
5 4 0 0 0
Level 7
 == End stage 0 == 
 == stage 1 == 
5 4 0 1 0
Level 7
 == End stage 1 == 
 == stage 2 == 
5 4 1 0 1
Level 7
 == End stage 2 == 
 == stage 3 == 
5 4 1 0 2
Level 7
 == End stage 3 == 
 == stage 4 == 
5 4 1 0 3
Level 7
 == End stage 4 == 
 == stage 5 == 
5 4 0 2 0
Level 7
 == End stage 5 == 
 == stage 6 == 
5 4 1 1 1
Level 7
 == End stage 6 == 
 == stage 7 == 
5 4 1 1 2
Level 7
 == End stage 7 == 
 == stage 8 == 
5 4 1 1 3
Level 7
 == End stage 8 == 
 == stage 9 == 
5 4 2 0 1
Level 7
 == End stage 9 == 
 == stage 10 == 
5 4 2 0 2
Level 7
 == End stage 10 == 
 == stage 11 == 
5 4 2 0 3
Level 7
 == End stage 11 == 
 == stage 12 == 
5 4 0 3 0
Level 7
 == End stage 12 == 
 == stage 13 == 
5 4 1 2 1
Level 7
 == End stage 13 == 
 == stage 14 == 
5 4 1 2 2
Level 7
 == End stage 14 == 
 == stage 15 == 
5 4 1 2 3
Level 7
 == End stage 15 == 
 == stage 16 == 
5 4 2 1 1
Level 7
 == End stage 16 == 
 == stage 17 == 
5 4 2 1 2
Level 7
 == End stage 17 == 
 == stage 18 == 
5 4 2 1 3
Level 7
 == End stage 18 == 
 == stage 19 == 
5 4 3 0 1
Level 7
 == End stage 19 == 
 == stage 20 == 
5 4 3 0 2
Level 7
 == End stage 20 == 
 == stage 21 == 
5 4 3 0 3
Level 7
 == End stage 21 == 
Level of output: 28
[ -6.46264e-05 0.00134163 0.00322214 0.00450787 0.00625819 0.00787568 0.00942093 0.0111306 0.0126725 0.0142122 0.0159197 0.0173722 0.0191022 0.0206215 0.0224173 0.0236979 0.02568 0.0267991 0.0286214 0.0303462 0.0317469 0.033397 0.0349479 0.0366732 0.0385175 0.0395643 0.0414231 0.0429064 0.0446472 0.0461866 0.0477534 0.0494706 0.0510262 0.0528505 0.0542541 0.0557442 0.0575717 0.0590395 0.0608573 0.0624897 0.0641395 0.0650517 0.0669855 0.0686743 0.0701126 0.0718656 0.0735692 0.0750046 0.0766037 0.078114 0.0798871 0.0813596 0.0830849 0.084661 0.0862199 0.0878839 0.0895001 0.0912932 0.0924764 0.0942942 0.0958908 0.09745 0.0989671 0.100678 0.102086 0.103802 0.10547 0.10695 0.108778 0.11027 0.111764 0.113538 0.115302 0.11646 0.118328 0.119746 0.121619 0.12287 0.124874 0.126124 0.128113 0.129125 0.13123 0.132696 0.134259 0.136099 0.137464 0.138932 0.140713 0.142369 0.143806 0.145331 0.147263 0.148449 0.150234 0.151997 0.153363 0.154957 0.156627 0.158363 0.159892 0.16156 0.163123 0.164942 0.166087 0.167761 0.169269 0.171029 0.172554 0.174335 0.176045 0.177266 0.179141 0.180645 0.182215 0.183862 0.185447 0.186941 0.189038 0.190108 0.191933 0.193315 0.195244 0.196527 0.198224 0.200028 0.201516 0.202964 0.204725 0.206215 0.208134 0.209315 0.210776 0.212676 0.214249 0.216041 0.217387 0.219096 0.220751 0.222247 0.223857 0.225469 0.226997 0.228615 0.230259 0.231637 0.233605 0.234779 0.236869 0.238179 0.239827 0.241492 0.243025 0.244724 0.246432 0.247781 0.249314 0.250991 0.252747 0.254186 0.255931 0.257388 0.2593 0.260377 0.262321 0.263959 0.26533 0.267178 0.268498 0.270728 0.271496 0.27353 0.27506 0.27651 0.278332 0.279797 0.281514 0.283017 0.28467 0.286069 0.287814 0.289502 0.291196 0.29258 0.294457 0.295473 0.297405 0.299138 0.300544 0.302243 0.30395 0.30561 0.307023 0.308523 0.310601 0.311655 0.313502 0.315233 0.316513 0.318342 0.319704 0.321472 0.323081 0.324561 0.326265 0.32791 0.329354 0.33101 0.332651 0.3342 0.335916 0.337461 0.339026 0.340797 0.342301 0.343756 0.345508 0.347044 0.348753 0.35019 0.351732 0.353399 0.355065 0.356647 0.358335 0.360021 0.361325 0.363003 0.364615 0.366311 0.367738 0.369509 0.371031 0.372759 0.374049 0.376049 0.377312 0.37913 0.380725 0.382156 0.383829 0.385652 0.387107 0.38878 0.3904 0.391621 0.393589 0.39484 0.396912 0.398212 0.399995 0.401385 0.403128 0.404713 0.406439 0.407762 0.409551 0.410985 0.412521 0.414396 0.415764 0.417533 0.419054 0.42066 0.422393 0.423801 0.425423 0.427067 0.428665 0.430353 0.431766 0.43344 0.435121 0.436646 0.438358 0.439732 0.441609 0.442968 0.444435 0.446427 0.447708 0.449687 0.450955 0.452592 0.454138 0.455882 0.457317 0.459085 0.46058 0.462227 0.463644 0.465758 0.466932 0.468655 0.470552 0.471658 0.473322 0.475217 0.476668 0.478342 0.479784 0.481679 0.482977 0.484629 0.486193 0.488033 0.489431 0.49085 0.492635 0.494171 0.495862 0.497295 0.499182 0.500623 0.502272 0.503748 0.505517 0.507042 0.508698 0.51032 0.511772 0.513335 0.515043 0.516768 0.518034 0.519925 0.521305 0.523117 0.524656 0.526165 0.527853 0.529446 0.531035 0.532792 0.534175 0.535768 0.537621 0.539135 0.540568 0.542216 0.543844 0.545268 0.547053 0.548624 0.550201 0.551825 0.553498 0.55506 0.556586 0.55828 0.5601 0.561398 0.563119 0.564878 0.56605 0.567923 0.569556 0.571346 0.572602 0.57431 0.575896 0.577353 0.578998 0.580694 0.582522 0.583964 0.585092 0.587095 0.588778 0.590199 0.591769 0.593536 0.595126 0.596759 0.598271 0.599811 0.601419 0.603096 0.604791 0.606045 0.607793 0.609612 0.610977 0.612711 0.614278 0.615724 0.617548 0.61889 0.620632 0.622069 0.624208 0.625225 0.627232 0.628751 0.630135 0.631863 0.633498 0.635032 0.636861 0.638111 0.639931 0.641357 0.642945 0.644572 0.646126 0.648069 0.649527 0.651226 0.652853 0.653986 0.655993 0.65741 0.659189 0.660689 0.662288 0.663698 0.665453 0.66705 0.668582 0.670164 0.671663 0.673494 0.675011 0.676648 0.678165 0.680299 0.681166 0.683124 0.684497 0.686318 0.688131 0.689313 0.691141 0.692688 0.694169 0.695764 0.697338 0.699174 0.700572 0.702265 0.704068 0.705118 0.707084 0.708913 0.710099 0.711986 0.713341 0.71508 0.716641 0.718498 0.71975 0.721389 0.723253 0.724496 0.726159 0.727966 0.729215 0.73138 0.732556 0.734444 0.735716 0.737561 0.73922 0.740682 0.742326 0.743683 0.745413 0.747319 0.748641 0.750618 0.751594 0.753365 0.755155 0.756496 0.758261 0.759943 0.761466 0.763176 0.764724 0.766369 0.767734 0.769353 0.770969 0.772624 0.774408 0.775764 0.777461 0.779091 0.780487 0.782348 0.783834 0.785398 0.786973 0.788678 0.790193 0.791782 0.793757 0.795114 0.796806 0.798078 0.800472 0.800898 0.802956 0.804661 0.806483 0.807695 0.809558 0.810926 0.81264 0.814279 0.81587 0.817494 0.819164 0.820583 0.822344 0.823946 0.825531 0.827087 0.828627 0.83038 0.831631 0.833578 0.835033 0.836699 0.838192 0.840007 0.841368 0.842882 0.844851 0.846196 0.847999 0.849557 0.850986 0.852876 0.854233 0.855894 0.857378 0.859049 0.860783 0.862268 0.863774 0.865462 0.867075 0.868759 0.870175 0.871739 0.873591 0.874978 0.876631 0.878495 0.879886 0.88137 0.883088 0.884701 0.886386 0.887769 0.889313 0.891035 0.892591 0.894407 0.89576 0.897552 0.899103 0.900491 0.902294 0.903845 0.905481 0.906888 0.908725 0.910312 0.911803 0.913324 0.915084 0.916653 0.918421 0.919703 0.92129 0.923032 0.924729 0.926261 0.92781 0.929475 0.931192 0.93247 0.934541 0.935668 0.937362 0.939198 0.940591 0.942411 0.943945 0.945297 0.947209 0.94854 0.950336 0.952111 0.953355 0.955056 0.956655 0.958275 0.959827 0.96165 0.962788 0.964646 0.966199 0.968104 0.969215 0.97112 0.972657 0.974398 0.975733 0.977469 0.979014 0.980637 0.98236 0.983708 0.985527 0.986902 0.988766 0.990429 0.991898 0.993348 0.995069 0.996507 0.998197 1.84532e-05 -1.6254e-05 -8.15092e-05 4.48003e-05 -5.74068e-05 -0.000114063 -0.000144718 -0.000279405 2.52344e-05 -1.81609e-05 -0.000227189 8.06316e-05 -8.40792e-05 -0.000164651 -3.89738e-05 3.98363e-06 2.8305e-05 -0.00020062 -1.53885e-05 -0.000112415 -7.16836e-05 -4.86654e-05 -1.03212e-05 2.63309e-05 -1.41444e-06 2.85638e-05 -7.17302e-05 -3.76211e-05 -7.34168e-05 -0.000116985 -3.11307e-05 -0.000133998 -0.000175787 6.70449e-05 -2.27693e-05 -8.722e-05 -0.000100809 -3.65186e-05 -8.05423e-05 -8.72964e-05 -0.000137379 -0.000139397 -0.000124828 -9.49921e-05 -4.49952e-05 -0.000258549 -0.000137926 -0.000139253 6.26708e-05 -2.44545e-05 -0.000137944 4.36407e-05 -0.000198493 6.86748e-05 2.47717e-05 9.12876e-05 -0.000109228 -6.60537e-05 -0.000120544 -0.000225791 -7.34622e-05 -8.38565e-05 -4.83717e-05 2.91314e-06 -6.96631e-05 -4.52624e-05 -9.36041e-05 -4.5837e-05 -5.18287e-05 -5.41624e-05 -2.60998e-05 -1.28085e-05 4.18559e-05 -0.000131296 -6.60796e-05 -0.000165391 -7.7148e-05 -6.42115e-05 -5.83306e-05 2.18449e-05 -2.97643e-05 -0.000257117 -3.88841e-05 4.48182e-05 -0.000175413 1.87118e-05 6.20813e-05 -0.000101623 -0.000113185 5.67482e-05 -0.000189618 -0.000139238 -4.45899e-05 -3.77437e-05 -5.99986e-05 -5.83214e-05 -0.00021672 -0.000256301 -0.000115333 -9.94093e-05 -0.000116991 6.70712e-05 -0.000108111 -1.23007e-05 -6.76679e-05 -2.64558e-05 -9.91496e-05 3.85297e-05 -3.40496e-05 -0.000174327 1.68927e-05 -7.53202e-06 -8.65649e-05 -0.000146469 -5.50441e-06 -5.88055e-05 -8.34812e-05 -8.14842e-05 -6.40496e-05 -6.90711e-05 2.3504e-05 -6.89815e-05 -0.000186692 -0.000103105 -8.3074e-05 -4.4728e-05 -4.87988e-05 -8.03216e-05 -9.04151e-05 -0.000104743 -4.6576e-05 -0.000114745 -3.10963e-05 -8.99036e-05 -7.92923e-05 -8.83727e-05 -0.000150446 -1.27487e-05 0.000111436 -1.51418e-05 -0.000198689 -0.000151695 -0.000146216 1.37009e-06 -4.23533e-06 -9.68971e-05 -0.000107352 -3.23368e-05 2.34892e-07 -4.58066e-05 -1.18861e-05 -5.75317e-05 4.78249e-05 -0.000238663 7.68299e-06 -0.000136025 -2.60562e-06 -0.000184569 -4.91814e-05 -1.57127e-06 -6.28819e-05 -1.70412e-05 -2.8715e-06 2.27237e-05 -3.39493e-05 -9.00198e-05 -8.40793e-05 1.4269e-05 -7.61843e-05 1.56991e-05 -0.000109167 3.77181e-05 -4.75455e-05 -9.56067e-05 1.6666e-06 -0.000137974 -0.000103955 -5.42528e-05 -8.29198e-05 7.67887e-05 -1.54311e-05 -7.69289e-05 1.33593e-05 -0.000120574 -0.000131833 7.59267e-06 -6.89963e-06 2.31545e-05 2.39975e-06 -2.66737e-05 -0.000138927 -8.67336e-05 -5.12643e-05 -3.6099e-05 -7.51687e-05 1.81239e-05 -4.61993e-05 5.9137e-05 -8.62426e-06 -9.3962e-05 -9.95733e-05 3.28556e-05 4.77431e-06 -7.1191e-05 -7.98984e-05 -5.69601e-05 -7.78732e-05 4.27382e-05 0.000106705 -0.000140536 -0.000125975 5.59424e-05 -0.000124839 2.9259e-05 -0.000102114 -5.97578e-06 5.09525e-05 4.04108e-05 6.95234e-05 -6.10007e-05 -2.29769e-05 -7.63805e-05 -9.55612e-06 -0.000149529 3.33405e-05 3.66252e-05 -0.000131033 -0.00011047 -7.51369e-06 -0.000128325 -8.47269e-05 -8.7743e-05 -0.000108138 -0.000175593 -1.86551e-05 -5.93229e-05 -8.15679e-05 -0.000175738 5.6027e-05 -7.55075e-05 -2.24397e-05 3.85416e-05 -9.02286e-05 -0.000115261 0.00011514 -8.87486e-05 -5.53291e-05 -0.000116847 -2.53966e-05 -0.000108866 -9.17746e-05 -0.000102681 -7.22797e-05 -0.000131654 -0.00010716 -0.000100773 -6.05134e-05 -7.92875e-05 -7.30383e-05 -0.000129691 -8.28353e-05 4.00824e-05 -0.000104573 -6.53553e-05 -6.86227e-05 -0.000124124 -1.65324e-05 -1.8694e-05 -5.161e-05 -0.000100438 -0.00016096 -4.79215e-06 -0.000148651 -0.000131576 -0.000234431 5.29379e-05 -5.74168e-05 -0.000157342 -6.88107e-05 -0.000119892 -0.000114763 -0.00011728 8.80683e-06 -2.88557e-05 -5.78616e-05 -0.000112525 2.97938e-05 -3.76897e-05 -0.000115146 -9.22994e-05 -4.32501e-05 -0.000147034 -0.000227876 9.53758e-05 3.99013e-07 -6.02664e-05 -8.75624e-06 -8.33993e-05 -9.36735e-05 -7.4595e-05 -9.98516e-05 -4.27013e-05 -2.92674e-05 -4.64535e-05 -0.000119308 6.51985e-05 1.40032e-05 0.000110514 -8.41527e-05 6.31677e-05 6.42966e-05 -8.02038e-05 -9.58561e-05 1.20656e-06 -7.27273e-05 -0.000101439 -2.49226e-05 -0.000151759 -3.7473e-05 -5.68472e-05 -0.000103561 -1.88418e-05 -0.000135315 -3.39094e-05 -7.41174e-05 -5.14727e-05 -4.6379e-05 -7.29599e-05 -1.22972e-05 -1.66944e-05 -8.651e-05 -4.95046e-05 -3.24875e-05 -0.000175933 -4.02786e-05 -2.21089e-05 3.45313e-05 -9.22105e-05 2.06752e-05 -0.000106487 -0.000147183 -0.000138102 -0.000129331 -7.52696e-05 -0.000108899 -6.06196e-05 -0.00010755 -9.59157e-05 -0.00012165 -0.000175199 -9.67626e-05 -4.49508e-05 -3.25103e-05 4.0054e-05 -5.68215e-05 -3.64862e-05 -9.71955e-05 2.93345e-05 -0.000133375 -0.000228347 8.04451e-06 -0.000107845 7.32546e-05 -0.000132226 -9.83776e-05 -0.000108904 -2.43476e-05 -0.000108343 -0.000168868 1.45721e-05 -2.5364e-05 -2.89827e-05 5.78719e-06 -2.04747e-05 -1.79877e-06 -7.80742e-05 -0.000157952 -0.000154081 -5.36633e-05 -1.56296e-05 -0.000134991 -7.88829e-05 -5.24901e-05 -6.57301e-05 -4.32493e-05 -0.000120938 -5.33066e-05 -4.14277e-05 -0.000121812 -2.82559e-05 -5.24678e-05 -0.000108646 1.47904e-05 -0.000149239 -0.000131814 -0.00010601 -8.47806e-05 1.03665e-05 -5.62099e-05 ]: ctxt_out Level: 28, LogPrecision: 14
Result Level: 28

Performance Analysis:
Execution time: 4497861 ms

Error Analysis:
Maximum error: 0.000705764 (log2: -10.4685)
Average error: 0.000163042 (log2: -12.5825)
Number of errors >= 0.01: 0
[       OK ] KWaySortTestFixture/2.SortTest (4519941 ms)
[----------] 1 test from KWaySortTestFixture/2 (4519941 ms total)

[----------] Global test environment tear-down
[==========] 3 tests from 3 test suites ran. (6970090 ms total)
[  PASSED  ] 3 tests.
