Input array size: 256
Multiplicative depth: 34
Scaling Mod: 40
Sign Configuration: CompositeSign(3, 4, 2)
Final Level: 34
input:
[ 0.0859375 0.460938 0.242188 0.714844 0.464844 0.890625 0.554688 0.386719 0.96875 0.605469 0.625 0.117188 0.777344 0.992188 0.0429688 0.730469 0.9375 0.902344 0.25 0.488281 0.792969 0.886719 0.613281 0.957031 0.863281 0.40625 0.910156 0.3125 0.289062 0.230469 0.878906 0.921875 0.871094 0.683594 0.523438 0.351562 0.535156 0.441406 0.414062 0.00390625 0.078125 0.125 0.0351562 0.832031 0.339844 0.785156 0.273438 0.53125 0.210938 0.976562 0.707031 0.597656 0.867188 0.570312 0.261719 0.941406 0.101562 0.132812 0.855469 0.734375 0.925781 0.09375 0.847656 0.367188 0.226562 0.457031 0.472656 0.78125 0.601562 0.746094 0.675781 0.277344 0.511719 0.585938 0.148438 0.507812 0.8125 0.859375 0.15625 0.765625 0.121094 0.761719 0.75 0.804688 0.824219 0.582031 0.335938 0.574219 0.183594 0.609375 0.632812 0.378906 0.796875 0.589844 0.105469 0.738281 0.578125 0.617188 0.046875 0.355469 0.0234375 0.0976562 0.425781 0.253906 0.304688 0.0664062 0.667969 0.144531 0.953125 0.257812 0.167969 0.390625 0.140625 0.375 0.1875 0.21875 0.757812 0.359375 0.644531 0.84375 0.652344 0.558594 0.285156 0.234375 0.015625 0.308594 0.199219 0.03125 0.328125 0.0195312 0.0546875 0.28125 0.433594 0.515625 0.0742188 0.769531 0.875 0.296875 0.914062 0.316406 0.382812 0.113281 0.214844 0.664062 0.363281 0.542969 0.835938 0.5625 0.816406 0.699219 0.628906 0.34375 0.195312 0.929688 0.128906 0.4375 0.398438 0.984375 0.324219 0.59375 0.71875 0.964844 0.179688 0.671875 0.0820312 0.480469 0.203125 0.171875 0.980469 0.449219 0.484375 0.0703125 0.496094 0.726562 0.960938 0.828125 0.269531 0.691406 0.972656 0.222656 0.6875 0.539062 0.648438 0.265625 0.0898438 0.640625 0.300781 0.160156 0.550781 0.320312 0.410156 0.566406 0.945312 0.933594 0.445312 0.851562 0.679688 0.429688 0.882812 0.109375 0.0585938 0.917969 0.0390625 0.46875 0.292969 0.347656 0.136719 0.65625 0.164062 0.90625 0.894531 0.207031 0.519531 0.996094 0.246094 0.0507812 0.808594 0.453125 0.988281 0.417969 0.191406 0.503906 0.722656 0.636719 0 0.371094 0.789062 0.800781 0.839844 0.238281 0.5 0.152344 0.546875 0.742188 0.0117188 0.492188 0.0078125 0.898438 0.695312 0.660156 0.402344 0.0625 0.175781 0.773438 0.753906 0.703125 0.949219 0.332031 0.394531 0.421875 0.0273438 0.621094 0.527344 0.476562 0.820312 0.710938 ]
output:
[ -6.12542e-05 0.00403195 0.0078398 0.0117821 0.0157052 0.0196102 0.0234872 0.0271422 0.0312758 0.0351987 0.0389782 0.0430431 0.0467277 0.0507499 0.0547342 0.0585535 0.0623927 0.0663436 0.0702782 0.0743144 0.0778922 0.0819192 0.0860097 0.0899716 0.0939313 0.0976649 0.101568 0.105494 0.109444 0.113199 0.117348 0.121039 0.125006 0.128839 0.132924 0.136649 0.140492 0.144555 0.148291 0.152222 0.156389 0.1602 0.164252 0.167779 0.171892 0.175818 0.179668 0.183466 0.187388 0.191428 0.195158 0.199122 0.203163 0.207075 0.210788 0.214821 0.21875 0.222544 0.226697 0.230551 0.234452 0.238176 0.242339 0.246137 0.249923 0.254097 0.257603 0.261637 0.265537 0.269511 0.273447 0.277398 0.28121 0.285141 0.288956 0.293006 0.296782 0.300984 0.304659 0.308591 0.312432 0.316309 0.320117 0.324389 0.328127 0.332001 0.335868 0.339771 0.343936 0.347716 0.351471 0.355616 0.359225 0.36322 0.3672 0.371098 0.374988 0.379135 0.382643 0.387025 0.390511 0.394554 0.39841 0.402428 0.406321 0.410204 0.413966 0.417997 0.421677 0.425881 0.429798 0.433612 0.437466 0.441402 0.445484 0.44938 0.453187 0.456967 0.460955 0.464837 0.46884 0.472538 0.476522 0.4804 0.484309 0.488188 0.492327 0.496278 0.499842 0.503713 0.50785 0.512017 0.515658 0.519469 0.523132 0.527237 0.53119 0.535224 0.539151 0.543103 0.546975 0.550758 0.55464 0.558663 0.562471 0.56661 0.569944 0.573931 0.577958 0.582273 0.586032 0.589855 0.593625 0.597857 0.601541 0.60576 0.609491 0.613294 0.617125 0.620918 0.62497 0.628868 0.632994 0.63668 0.64064 0.644346 0.64837 0.65244 0.656058 0.660225 0.663958 0.668274 0.67159 0.675689 0.679586 0.682829 0.687443 0.691467 0.695528 0.699257 0.703019 0.707304 0.71114 0.714781 0.71864 0.722693 0.726659 0.730646 0.734325 0.738327 0.742155 0.745778 0.749948 0.754001 0.75808 0.762079 0.765381 0.769546 0.773308 0.777494 0.781202 0.785256 0.78915 0.793116 0.797081 0.801206 0.804922 0.808599 0.812497 0.816287 0.8202 0.824206 0.82817 0.832251 0.836043 0.839908 0.843666 0.847568 0.851341 0.855179 0.859377 0.863583 0.867056 0.870978 0.87507 0.8792 0.882787 0.886093 0.890543 0.894436 0.898414 0.902423 0.905908 0.910698 0.914172 0.917835 0.921941 0.925561 0.929929 0.933602 0.937414 0.941212 0.945183 0.949241 0.952981 0.957137 0.961112 0.964901 0.968954 0.972708 0.976421 0.980659 0.984262 0.98868 0.992106 0.996881 ]

Performance Analysis:
Execution time: 85610 ms

Error Analysis:
Maximum error: 0.000787491 (log2: -10.3104)
Average error: 0.000117152 (log2: -13.0593)
Number of errors larger than 0.01: 0
[       OK ] DirectSort/DirectSortTestFixture/6.SortTest (98246 ms)
[----------] 1 test from DirectSort/DirectSortTestFixture/6 (98246 ms total)

[----------] 1 test from DirectSort/DirectSortTestFixture/7, where TypeParam = std::integral_constant<unsigned long,512ul>
[ RUN      ] DirectSort/DirectSortTestFixture/7.SortTest
Using Ring Dimension: 131072
