Input array size: 64
Multiplicative depth: 29
Scaling Mod: 40
Sign Configuration: CompositeSign(3, 3, 2)
Final Level: 29
input:
[ 0.5625 0.875 0.609375 0.921875 0.515625 0.421875 0.140625 0.453125 0.1875 0.15625 0.46875 0.0625 0.171875 0.75 0.03125 0.375 0.96875 0.109375 0.640625 0.265625 0.59375 0.578125 0.25 0.078125 0.203125 0.6875 0.5 0.84375 0.890625 0 0.71875 0.4375 0.828125 0.953125 0.671875 0.9375 0.796875 0.34375 0.90625 0.984375 0.296875 0.53125 0.359375 0.859375 0.625 0.40625 0.484375 0.09375 0.28125 0.3125 0.78125 0.8125 0.546875 0.015625 0.390625 0.703125 0.765625 0.21875 0.234375 0.328125 0.125 0.046875 0.734375 0.65625 ]
output:
[ 5.81027e-06 0.0156289 0.0312508 0.0468749 0.0625013 0.0781322 0.0937544 0.109371 0.124998 0.140628 0.156249 0.171874 0.187498 0.20312 0.218753 0.234369 0.249996 0.265623 0.281247 0.296873 0.312505 0.328127 0.343746 0.359377 0.374997 0.390626 0.40625 0.421876 0.437503 0.453121 0.468748 0.484377 0.499996 0.515624 0.531247 0.546877 0.562503 0.578122 0.593758 0.609373 0.625005 0.640621 0.656246 0.671881 0.687498 0.703126 0.71874 0.734376 0.749998 0.765629 0.781251 0.796885 0.812499 0.828124 0.84375 0.859373 0.875007 0.890636 0.906246 0.921885 0.937483 0.953127 0.968745 0.984371 ]

Performance Analysis:
Execution time: 38666 ms

Error Analysis:
Maximum error: 1.71807e-05 (log2: -15.8289)
Average error: 3.58077e-06 (log2: -18.0913)
Number of errors larger than 0.01: 0
[       OK ] DirectSort/DirectSortTestFixture/4.SortTest (46741 ms)
[----------] 1 test from DirectSort/DirectSortTestFixture/4 (46741 ms total)

[----------] 1 test from DirectSort/DirectSortTestFixture/5, where TypeParam = std::integral_constant<unsigned long,128ul>
[ RUN      ] DirectSort/DirectSortTestFixture/5.SortTest
Using Ring Dimension: 131072
