Input array size: 128
Multiplicative depth: 30
Scaling Mod: 40
Sign Configuration: CompositeSign(3, 3, 2)
Final Level: 30
input:
[ 0.507812 0.0625 0.25 0.0234375 0.164062 0.765625 0.53125 0.0390625 0.8125 0.078125 0.734375 0.226562 0.578125 0.257812 0.398438 0.851562 0.492188 0.921875 0.320312 0.679688 0.820312 0.3125 0.9375 0.835938 0.234375 0.242188 0.1875 0.367188 0.265625 0.78125 0.390625 0.460938 0.453125 0 0.382812 0.117188 0.984375 0.601562 0.0546875 0.125 0.046875 0.617188 0.953125 0.28125 0.523438 0.304688 0.539062 0.890625 0.21875 0.546875 0.429688 0.5 0.328125 0.859375 0.75 0.195312 0.351562 0.71875 0.96875 0.960938 0.65625 0.671875 0.882812 0.570312 0.0859375 0.289062 0.132812 0.796875 0.335938 0.695312 0.90625 0.828125 0.929688 0.140625 0.726562 0.101562 0.5625 0.148438 0.625 0.703125 0.84375 0.648438 0.710938 0.632812 0.804688 0.46875 0.109375 0.875 0.976562 0.476562 0.414062 0.375 0.609375 0.914062 0.742188 0.867188 0.6875 0.515625 0.59375 0.898438 0.015625 0.0078125 0.757812 0.0703125 0.210938 0.03125 0.40625 0.554688 0.359375 0.640625 0.34375 0.585938 0.273438 0.296875 0.421875 0.664062 0.179688 0.171875 0.445312 0.203125 0.773438 0.4375 0.09375 0.484375 0.945312 0.15625 0.789062 0.992188 ]
output:
[ -9.1493e-06 0.0078304 0.0156184 0.0234497 0.0312409 0.0390551 0.0468756 0.0546873 0.062502 0.0703147 0.0781225 0.085934 0.0937511 0.101553 0.10937 0.11719 0.125 0.132807 0.140641 0.148439 0.156249 0.164068 0.171873 0.179698 0.187491 0.19531 0.203115 0.210941 0.218762 0.226563 0.234377 0.242196 0.249997 0.257802 0.265619 0.273432 0.281245 0.289067 0.296871 0.304686 0.312503 0.320314 0.328129 0.33594 0.343753 0.35156 0.359373 0.367188 0.375003 0.382825 0.390636 0.39843 0.40625 0.414053 0.421885 0.429682 0.437495 0.445316 0.453135 0.460939 0.468754 0.476573 0.484375 0.492188 0.500003 0.507809 0.515619 0.523444 0.531247 0.539057 0.546864 0.554681 0.562503 0.570313 0.578126 0.58596 0.59376 0.60157 0.609374 0.617187 0.624998 0.632813 0.640623 0.648426 0.656257 0.664079 0.671884 0.679677 0.687515 0.695328 0.703127 0.710942 0.718749 0.726554 0.734386 0.742172 0.750004 0.757819 0.765625 0.773431 0.781241 0.789073 0.796875 0.804684 0.81249 0.820306 0.828122 0.835937 0.843766 0.851557 0.859387 0.867166 0.875019 0.88281 0.890622 0.89845 0.906256 0.914058 0.921871 0.929683 0.937502 0.945287 0.953112 0.960927 0.968757 0.976564 0.984389 0.992203 ]

Performance Analysis:
Execution time: 56532 ms

Error Analysis:
Maximum error: 2.57474e-05 (log2: -15.2452)
Average error: 6.36214e-06 (log2: -17.2621)
Number of errors larger than 0.01: 0
[       OK ] DirectSort/DirectSortTestFixture/5.SortTest (65536 ms)
[----------] 1 test from DirectSort/DirectSortTestFixture/5 (65536 ms total)

[----------] 1 test from DirectSort/DirectSortTestFixture/6, where TypeParam = std::integral_constant<unsigned long,256ul>
[ RUN      ] DirectSort/DirectSortTestFixture/6.SortTest
Using Ring Dimension: 131072
