Input array size: 729
Using Ring Dimension: 131072
Multiplicative depth: 40
Scaling Mod: 59
 == stage 0 == 
3 6 0 0 0
Level 5
 == End stage 0 == 
 == stage 1 == 
3 6 0 1 0
Level 5
 == End stage 1 == 
 == stage 2 == 
3 6 1 0 1
Level 5
 == End stage 2 == 
 == stage 3 == 
3 6 1 0 2
Level 5
 == End stage 3 == 
 == stage 4 == 
3 6 0 2 0
Level 5
 == End stage 4 == 
 == stage 5 == 
3 6 1 1 1
Level 5
 == End stage 5 == 
 == stage 6 == 
3 6 1 1 2
Level 5
 == End stage 6 == 
 == stage 7 == 
3 6 2 0 1
Level 5
 == End stage 7 == 
 == stage 8 == 
3 6 2 0 2
Level 5
 == End stage 8 == 
 == stage 9 == 
3 6 0 3 0
Level 5
 == End stage 9 == 
 == stage 10 == 
3 6 1 2 1
Level 5
 == End stage 10 == 
 == stage 11 == 
3 6 1 2 2
Level 5
 == End stage 11 == 
 == stage 12 == 
3 6 2 1 1
Level 5
 == End stage 12 == 
 == stage 13 == 
3 6 2 1 2
Level 5
 == End stage 13 == 
 == stage 14 == 
3 6 3 0 1
Level 5
 == End stage 14 == 
 == stage 15 == 
3 6 3 0 2
Level 5
 == End stage 15 == 
 == stage 16 == 
3 6 0 4 0
Level 5
 == End stage 16 == 
 == stage 17 == 
3 6 1 3 1
Level 5
 == End stage 17 == 
 == stage 18 == 
3 6 1 3 2
Level 5
 == End stage 18 == 
 == stage 19 == 
3 6 2 2 1
Level 5
 == End stage 19 == 
 == stage 20 == 
3 6 2 2 2
Level 5
 == End stage 20 == 
 == stage 21 == 
3 6 3 1 1
Level 5
 == End stage 21 == 
 == stage 22 == 
3 6 3 1 2
Level 5
 == End stage 22 == 
 == stage 23 == 
3 6 4 0 1
Level 5
 == End stage 23 == 
 == stage 24 == 
3 6 4 0 2
Level 5
 == End stage 24 == 
 == stage 25 == 
3 6 0 5 0
Level 5
 == End stage 25 == 
 == stage 26 == 
3 6 1 4 1
Level 5
 == End stage 26 == 
 == stage 27 == 
3 6 1 4 2
Level 5
 == End stage 27 == 
 == stage 28 == 
3 6 2 3 1
Level 5
 == End stage 28 == 
 == stage 29 == 
3 6 2 3 2
Level 5
 == End stage 29 == 
 == stage 30 == 
3 6 3 2 1
Level 5
 == End stage 30 == 
 == stage 31 == 
3 6 3 2 2
Level 5
 == End stage 31 == 
 == stage 32 == 
3 6 4 1 1
Level 5
 == End stage 32 == 
 == stage 33 == 
3 6 4 1 2
Level 5
 == End stage 33 == 
 == stage 34 == 
3 6 5 0 1
Level 5
 == End stage 34 == 
 == stage 35 == 
3 6 5 0 2
Level 5
 == End stage 35 == 
Level of output: 36
[ -0.000517704 0.000873595 0.00229569 0.00389868 0.00496212 0.00629554 0.00762616 0.00917068 0.0102942 0.0118123 0.0131455 0.0148343 0.0159709 0.0174039 0.0187502 0.0200447 0.0213609 0.0226191 0.024025 0.0253478 0.0265313 0.028487 0.0300711 0.030611 0.0324954 0.033525 0.0350507 0.0361371 0.0380373 0.0389137 0.0405033 0.0418572 0.0431235 0.0448749 0.0459383 0.0474763 0.0488087 0.050084 0.0515917 0.0528268 0.0544508 0.0555639 0.0573903 0.0586546 0.0599129 0.0612417 0.0626161 0.0637922 0.0652364 0.066726 0.0679479 0.0695682 0.0710866 0.071717 0.0737181 0.0747703 0.0764536 0.0775736 0.0786949 0.0804754 0.081634 0.0831663 0.0845464 0.0859164 0.0872922 0.089084 0.089746 0.0912669 0.0925494 0.0940598 0.0953076 0.0968865 0.0982163 0.0994403 0.100733 0.102383 0.103689 0.104926 0.10642 0.107742 0.109161 0.110598 0.111631 0.113356 0.114364 0.11588 0.117552 0.11893 0.120348 0.12164 0.12272 0.12436 0.125414 0.127102 0.128061 0.129609 0.131157 0.132658 0.133859 0.135108 0.136818 0.138019 0.139301 0.140772 0.141927 0.143351 0.144813 0.145994 0.147541 0.148875 0.150416 0.151715 0.15335 0.154384 0.155872 0.157458 0.15866 0.159749 0.161378 0.162559 0.164135 0.165478 0.166685 0.168264 0.16943 0.170689 0.172431 0.173783 0.174666 0.176666 0.177749 0.179301 0.180378 0.181876 0.183587 0.184652 0.185976 0.187144 0.188945 0.19005 0.191736 0.19265 0.194189 0.195681 0.196916 0.198205 0.199347 0.201184 0.202453 0.204002 0.205064 0.206616 0.208027 0.209449 0.210798 0.211918 0.213325 0.214729 0.216131 0.217587 0.21884 0.220358 0.221907 0.223209 0.22458 0.225406 0.227418 0.228685 0.229868 0.231256 0.233132 0.233875 0.235313 0.236819 0.238072 0.239493 0.241012 0.241988 0.24359 0.245046 0.246241 0.247767 0.249018 0.250546 0.251764 0.253475 0.254436 0.256037 0.257296 0.258424 0.260272 0.26161 0.26268 0.264147 0.265594 0.267044 0.268068 0.269271 0.270849 0.272416 0.27373 0.275477 0.276475 0.277853 0.279384 0.280871 0.281681 0.283202 0.284909 0.285946 0.287562 0.288777 0.290486 0.291527 0.293012 0.294309 0.295529 0.297223 0.298799 0.299887 0.301122 0.302731 0.303884 0.305391 0.306921 0.307616 0.30958 0.310886 0.312256 0.313718 0.315028 0.316232 0.31771 0.318813 0.320659 0.321866 0.323519 0.324433 0.325957 0.327234 0.328516 0.33 0.331528 0.332836 0.334389 0.335449 0.33706 0.33817 0.33931 0.340939 0.342521 0.343698 0.345042 0.346524 0.347973 0.348929 0.350935 0.3514 0.353507 0.354785 0.356197 0.357467 0.359049 0.360176 0.36167 0.363137 0.364629 0.365474 0.366997 0.368454 0.369926 0.37121 0.372344 0.373861 0.37531 0.376519 0.378527 0.379011 0.380785 0.382094 0.383632 0.385038 0.386242 0.387633 0.388698 0.390507 0.391457 0.393323 0.394494 0.395753 0.397668 0.398721 0.399772 0.401452 0.402466 0.404242 0.405323 0.406845 0.408118 0.409611 0.410857 0.412292 0.413443 0.415043 0.416471 0.417762 0.419456 0.420205 0.422118 0.423228 0.424872 0.426024 0.427367 0.428879 0.430024 0.431677 0.433171 0.43413 0.435626 0.437264 0.438309 0.439889 0.441197 0.442256 0.443989 0.445385 0.446492 0.447871 0.449365 0.450746 0.45227 0.453428 0.454794 0.456085 0.457406 0.459222 0.460393 0.461459 0.463116 0.464504 0.466013 0.467382 0.468548 0.469821 0.471439 0.472602 0.473976 0.475638 0.476848 0.478182 0.479558 0.480838 0.482355 0.483714 0.485292 0.48622 0.487972 0.489063 0.490509 0.491557 0.493341 0.494466 0.496056 0.497108 0.499038 0.50027 0.501294 0.502981 0.504147 0.505644 0.507087 0.508437 0.509749 0.511292 0.51262 0.513849 0.515352 0.516713 0.517707 0.519372 0.520715 0.521872 0.523344 0.524783 0.526332 0.527444 0.528803 0.53031 0.531903 0.532977 0.534209 0.535903 0.537244 0.538613 0.539921 0.541287 0.54274 0.543837 0.545275 0.5465 0.548467 0.549382 0.551077 0.551938 0.553928 0.55485 0.556349 0.557816 0.559203 0.560278 0.561878 0.563422 0.564461 0.565974 0.567311 0.568548 0.569933 0.571599 0.572782 0.574189 0.575611 0.577159 0.578212 0.57962 0.581081 0.58246 0.583558 0.585246 0.586233 0.588133 0.589081 0.590586 0.592072 0.593596 0.594882 0.596245 0.597334 0.599157 0.600181 0.601872 0.603029 0.604423 0.605844 0.607299 0.608435 0.609819 0.611106 0.612674 0.614184 0.615867 0.616275 0.617895 0.61939 0.621009 0.622115 0.623331 0.624935 0.626482 0.62777 0.628968 0.630542 0.632149 0.633154 0.634503 0.636076 0.637239 0.638736 0.639874 0.641416 0.642828 0.644225 0.645598 0.646937 0.648347 0.649345 0.650858 0.652578 0.653584 0.65495 0.656496 0.658038 0.659448 0.660608 0.661852 0.663348 0.664781 0.666188 0.667448 0.668947 0.670188 0.671452 0.673095 0.674444 0.675796 0.677132 0.678735 0.67989 0.681203 0.68248 0.683949 0.685287 0.686703 0.687996 0.689561 0.690931 0.692405 0.693027 0.695087 0.696454 0.697736 0.698912 0.700489 0.701842 0.703071 0.704776 0.705934 0.707313 0.708673 0.709731 0.711393 0.712683 0.714095 0.715548 0.71693 0.718189 0.719386 0.720949 0.722384 0.723795 0.725068 0.726564 0.727765 0.729238 0.730715 0.732263 0.733136 0.734836 0.73583 0.737764 0.738923 0.739919 0.741683 0.742789 0.744119 0.745622 0.746977 0.748485 0.749555 0.751253 0.752695 0.753884 0.755739 0.75639 0.75814 0.759349 0.760862 0.761972 0.763765 0.765034 0.766169 0.767546 0.769106 0.770533 0.77207 0.773187 0.774456 0.775681 0.77737 0.7785 0.78025 0.7815 0.782317 0.78393 0.785248 0.787058 0.788206 0.789506 0.790962 0.792241 0.79378 0.794819 0.796721 0.797844 0.799122 0.800498 0.801723 0.803204 0.804571 0.805811 0.807391 0.808614 0.810015 0.811692 0.812834 0.814217 0.815597 0.816945 0.818363 0.819608 0.821093 0.822848 0.823514 0.825377 0.827076 0.827883 0.829466 0.830813 0.832175 0.833491 0.834843 0.836519 0.837947 0.838721 0.840454 0.841579 0.84302 0.844441 0.845959 0.847024 0.848582 0.850048 0.850952 0.852478 0.854193 0.855446 0.856753 0.858305 0.859432 0.860941 0.862262 0.863604 0.865012 0.866378 0.867701 0.869068 0.870627 0.871835 0.873182 0.874607 0.875927 0.877324 0.878995 0.880022 0.881709 0.882825 0.884211 0.885526 0.887129 0.88835 0.889595 0.890892 0.892456 0.893977 0.895319 0.896323 0.897868 0.899078 0.900691 0.90187 0.90342 0.904756 0.906028 0.907606 0.908754 0.910272 0.911921 0.913036 0.914183 0.915732 0.917355 0.918401 0.919866 0.920978 0.922584 0.92402 0.925285 0.926622 0.928518 0.929322 0.93092 0.932211 0.934015 0.934707 0.936297 0.937555 0.93887 0.94062 0.941722 0.943095 0.944643 0.945612 0.947342 0.948674 0.950078 0.951629 0.952743 0.954263 0.955618 0.956751 0.95839 0.959648 0.961061 0.962305 0.963801 0.965207 0.966522 0.967767 0.969253 0.970612 0.972225 0.973274 0.974646 0.976364 0.977261 0.97904 0.980084 0.981847 0.982732 0.984221 0.985885 0.986999 0.988401 0.989875 0.991327 0.99245 0.99371 0.995307 0.996826 0.99803 -0.000426753 -0.000110928 -0.000341203 -0.000340208 -0.000173489 -0.000117467 -0.000264574 -0.000306584 -0.000332291 -0.00014392 -0.000230484 -0.000164999 -0.000247151 -0.000123697 -0.000250877 -0.00018278 -0.000210117 -0.000290948 3.81593e-05 -0.000118971 -0.000206315 -0.000294775 -1.5725e-05 -0.00017082 -6.35956e-05 -0.000129177 -0.000106468 -0.00012038 -0.000179224 -0.00021464 -0.000189117 -0.000267616 -0.000293307 -0.000206981 -0.000182819 -0.000177374 -9.17162e-05 -0.000347868 -0.000117277 -4.39772e-05 -8.47276e-05 1.14107e-07 -0.000227662 -0.00030298 -7.7787e-05 -0.000137097 -0.000221592 -0.00015319 1.9129e-05 -0.000140046 -0.0003074 -0.000291544 -0.000271301 -0.000186551 -9.27586e-05 -0.000223006 1.39201e-05 -0.000352797 -0.000231399 -0.000119868 -7.93132e-05 -6.7974e-05 -0.000100232 -0.000306415 -0.000309847 4.61103e-05 -0.000144438 -0.000223398 -1.51169e-05 -0.000292089 -0.000281369 -5.94445e-05 -0.000344271 -0.000161583 -0.000178925 -0.000180839 -0.000130872 -8.28066e-06 -0.000394798 -0.000263522 -0.000250815 -0.000214383 -9.4203e-05 -0.000111538 -0.000166847 -0.000165981 -0.000340344 -0.00013866 1.27944e-05 -0.000230351 -0.000165414 -8.31373e-05 -0.000216989 -0.000244667 -3.86859e-05 -2.13767e-05 -0.000127412 -0.000215566 -0.000259048 -0.000112838 -3.49992e-05 -0.000256147 -0.000105842 -0.000252708 -0.000241486 -0.000195326 -0.000216151 -0.000185057 -0.000171495 -0.000112316 -0.000154394 -7.70776e-05 -0.000156831 -0.000130666 -0.000285174 -0.000234234 -0.000130339 -0.000259641 -2.53957e-05 -0.00038069 -0.000334664 -0.000117339 -5.60273e-05 -0.000105878 -4.93562e-06 -6.85865e-05 -0.00022213 -0.000327477 -0.000146516 -0.000244901 -0.000236878 -8.74014e-05 -0.000199573 -0.000254385 -6.389e-06 -0.000159886 -0.000293289 -0.0003429 -0.000133641 -0.000233451 -0.000258046 -0.000174179 -0.000218451 -8.99221e-06 -0.000155809 -0.000279845 -0.00024937 -0.000171142 -7.91177e-05 -0.000151551 -0.000247272 -0.000224486 -0.000410473 -0.000395399 -0.000109246 -0.00032748 -0.000231493 -0.000181006 -5.39753e-05 -0.000139463 -0.000158261 -9.70967e-05 -3.61217e-05 -0.000110194 -7.68892e-05 -0.00036136 -0.000136675 -0.000303608 -0.000164422 -0.000236947 -2.10439e-05 -0.000178408 -0.000219247 -0.000208307 -0.000171646 -0.000158424 -0.000245625 -0.000155924 -0.000270335 -0.00016857 -0.000189953 -0.000156508 -0.000289222 -0.000217836 -0.000187603 -0.000273724 -0.00020992 -4.56803e-05 -7.94448e-05 -0.000193015 -0.000301455 -0.000181043 -0.000134437 -0.000198037 -7.31197e-05 -0.000266151 -6.90424e-05 -0.000133315 -7.39088e-05 -0.000340601 -0.000286899 -0.000134398 -0.000255176 -0.000270396 -0.000155917 -0.00025096 -0.000304173 -0.000132529 -0.000247847 -0.00016993 -0.000317003 -6.06131e-05 -0.000177616 -0.000446311 -6.6087e-05 -2.35823e-05 -0.000221381 -0.000413135 -0.000309932 -0.000316646 3.27847e-06 -0.0001001 -0.000192274 -7.92882e-05 -0.000337596 -0.000122693 -0.000268406 -0.000167379 -0.000297165 -0.000146042 2.38707e-05 -2.08169e-05 -0.000145112 -0.00028355 -0.000169847 -0.000226796 -0.000255284 -0.000276588 -0.000343498 -0.00012587 -0.000140027 -0.000212598 -0.000219081 -7.68321e-05 -0.00022144 -0.000150909 -5.967e-05 -0.000281666 -2.00174e-05 -0.000244482 -0.000194119 -0.000138757 -0.000135885 -2.91454e-05 -0.000375491 -0.000133195 -0.000150642 -0.000142459 -0.000115684 -0.000117947 -0.000299048 -0.000306801 -0.000213003 -0.000176104 -0.00022852 -0.000160792 -0.000291379 -9.87773e-05 -0.000179165 -0.000105756 -0.000130356 -0.000371959 -0.000151779 -0.000147512 -0.000130447 -4.12227e-05 -0.000178505 -0.00036209 -0.000194789 -0.000338764 -0.000239686 -6.37689e-05 -0.000290884 -0.000115933 1.29126e-05 -0.000239944 -0.000405871 -0.000172819 -0.000173291 -0.000219799 -7.30931e-05 -8.62654e-05 -0.000261511 -1.15857e-05 -0.000175497 ]: ctxt_out Level: 36, LogPrecision: 13
Result Level: 36

Performance Analysis:
Execution time: 3763080 ms

Error Analysis:
Maximum error: 0.00119622 (log2: -9.7073)
Average error: 0.000560338 (log2: -10.8014)
Number of errors >= 0.01: 0
[       OK ] KWaySortTestFixture/4.SortTest (3784828 ms)
[----------] 1 test from KWaySortTestFixture/4 (3784828 ms total)

[----------] Global test environment tear-down
[==========] 5 tests from 5 test suites ran. (8383233 ms total)
[  PASSED  ] 5 tests.
