Input array size: 729
Using Ring Dimension: 131072
Multiplicative depth: 40
Scaling Mod: 59
 == stage 0 == 
3 6 0 0 0
Level 5
 == End stage 0 == 
 == stage 1 == 
3 6 0 1 0
Level 5
 == End stage 1 == 
 == stage 2 == 
3 6 1 0 1
Level 5
 == End stage 2 == 
 == stage 3 == 
3 6 1 0 2
Level 5
 == End stage 3 == 
 == stage 4 == 
3 6 0 2 0
Level 5
 == End stage 4 == 
 == stage 5 == 
3 6 1 1 1
Level 5
 == End stage 5 == 
 == stage 6 == 
3 6 1 1 2
Level 5
 == End stage 6 == 
 == stage 7 == 
3 6 2 0 1
Level 5
 == End stage 7 == 
 == stage 8 == 
3 6 2 0 2
Level 5
 == End stage 8 == 
 == stage 9 == 
3 6 0 3 0
Level 5
 == End stage 9 == 
 == stage 10 == 
3 6 1 2 1
Level 5
 == End stage 10 == 
 == stage 11 == 
3 6 1 2 2
Level 5
 == End stage 11 == 
 == stage 12 == 
3 6 2 1 1
Level 5
 == End stage 12 == 
 == stage 13 == 
3 6 2 1 2
Level 5
 == End stage 13 == 
 == stage 14 == 
3 6 3 0 1
Level 5
 == End stage 14 == 
 == stage 15 == 
3 6 3 0 2
Level 5
 == End stage 15 == 
 == stage 16 == 
3 6 0 4 0
Level 5
 == End stage 16 == 
 == stage 17 == 
3 6 1 3 1
Level 5
 == End stage 17 == 
 == stage 18 == 
3 6 1 3 2
Level 5
 == End stage 18 == 
 == stage 19 == 
3 6 2 2 1
Level 5
 == End stage 19 == 
 == stage 20 == 
3 6 2 2 2
Level 5
 == End stage 20 == 
 == stage 21 == 
3 6 3 1 1
Level 5
 == End stage 21 == 
 == stage 22 == 
3 6 3 1 2
Level 5
 == End stage 22 == 
 == stage 23 == 
3 6 4 0 1
Level 5
 == End stage 23 == 
 == stage 24 == 
3 6 4 0 2
Level 5
 == End stage 24 == 
 == stage 25 == 
3 6 0 5 0
Level 5
 == End stage 25 == 
 == stage 26 == 
3 6 1 4 1
Level 5
 == End stage 26 == 
 == stage 27 == 
3 6 1 4 2
Level 5
 == End stage 27 == 
 == stage 28 == 
3 6 2 3 1
Level 5
 == End stage 28 == 
 == stage 29 == 
3 6 2 3 2
Level 5
 == End stage 29 == 
 == stage 30 == 
3 6 3 2 1
Level 5
 == End stage 30 == 
 == stage 31 == 
3 6 3 2 2
Level 5
 == End stage 31 == 
 == stage 32 == 
3 6 4 1 1
Level 5
 == End stage 32 == 
 == stage 33 == 
3 6 4 1 2
Level 5
 == End stage 33 == 
 == stage 34 == 
3 6 5 0 1
Level 5
 == End stage 34 == 
 == stage 35 == 
3 6 5 0 2
Level 5
 == End stage 35 == 
Level of output: 36
[ -0.000557635 0.000677948 0.0024022 0.00336919 0.00484821 0.00620484 0.00742376 0.00895192 0.0104374 0.011952 0.0132226 0.0142544 0.0159988 0.017186 0.0186644 0.0199531 0.0211914 0.0229209 0.0240105 0.0254147 0.0269417 0.0282541 0.0297065 0.0311429 0.0321961 0.0333841 0.0353036 0.0363676 0.0379662 0.0392697 0.0405185 0.0421674 0.0431088 0.0445705 0.0462999 0.0476187 0.0485063 0.05028 0.0515347 0.0530296 0.0544945 0.0558017 0.0569672 0.0583523 0.0597843 0.0611466 0.0629109 0.0637226 0.0651838 0.0665457 0.0679353 0.0690469 0.070957 0.0718701 0.0735132 0.0745452 0.0766121 0.0773961 0.0789438 0.0804541 0.0816426 0.0830619 0.084391 0.0859658 0.0871505 0.0889209 0.0898198 0.0915609 0.0924228 0.0941521 0.0954381 0.096768 0.0982296 0.0995415 0.100953 0.102354 0.103726 0.105359 0.105997 0.108143 0.108888 0.110813 0.112193 0.113177 0.114594 0.116094 0.117339 0.118841 0.120301 0.121725 0.122827 0.124413 0.125528 0.12719 0.128191 0.129891 0.130989 0.132471 0.13379 0.135282 0.136647 0.137961 0.139315 0.140758 0.142088 0.143741 0.144678 0.146159 0.147884 0.148771 0.150474 0.151772 0.152914 0.154623 0.155897 0.157102 0.158311 0.16015 0.161057 0.162862 0.163779 0.165446 0.166703 0.168168 0.16936 0.171001 0.172191 0.173663 0.175196 0.176354 0.177938 0.179081 0.180424 0.1822 0.183402 0.184505 0.185891 0.187541 0.188424 0.190395 0.19139 0.192994 0.194144 0.195809 0.196726 0.198512 0.200058 0.2012 0.202658 0.203872 0.205038 0.206742 0.207987 0.209475 0.210756 0.212053 0.213546 0.214911 0.215999 0.217489 0.218815 0.220817 0.221392 0.223367 0.224531 0.225828 0.227437 0.228515 0.229777 0.231347 0.232862 0.233602 0.235548 0.236834 0.238067 0.239668 0.240964 0.242024 0.243454 0.245227 0.24611 0.247511 0.24926 0.250398 0.251799 0.253148 0.254611 0.255969 0.257612 0.258507 0.260191 0.261491 0.262692 0.264426 0.265327 0.266632 0.268405 0.269343 0.271056 0.272119 0.273921 0.274969 0.276681 0.278275 0.279029 0.28052 0.282159 0.283208 0.285299 0.285614 0.287605 0.289079 0.290111 0.291682 0.293043 0.294512 0.295901 0.297362 0.298359 0.299752 0.301371 0.302676 0.303911 0.305243 0.306861 0.308121 0.309345 0.311094 0.311923 0.313613 0.315439 0.31597 0.317857 0.318796 0.320396 0.321901 0.323148 0.324792 0.325744 0.327707 0.328337 0.329878 0.331342 0.332744 0.333945 0.335335 0.33687 0.338263 0.33987 0.341135 0.342385 0.343763 0.345122 0.346454 0.348006 0.34916 0.350448 0.351912 0.353484 0.354793 0.356054 0.357396 0.359075 0.360321 0.36144 0.363412 0.364002 0.36562 0.367149 0.368081 0.370058 0.370988 0.372722 0.373948 0.374986 0.376814 0.377871 0.3793 0.381009 0.381825 0.383628 0.38516 0.385964 0.38781 0.389026 0.390344 0.391735 0.393433 0.394128 0.395853 0.397382 0.398457 0.399942 0.401593 0.403014 0.403787 0.405542 0.406636 0.408382 0.40915 0.410907 0.412534 0.413406 0.414976 0.416485 0.41779 0.419224 0.421103 0.421752 0.423235 0.424756 0.426046 0.427201 0.42873 0.430281 0.431455 0.432847 0.434708 0.435384 0.437211 0.438127 0.439879 0.441131 0.442543 0.443583 0.445402 0.446601 0.447942 0.449402 0.45091 0.452081 0.453447 0.455109 0.456218 0.457386 0.458946 0.460413 0.461867 0.46352 0.464278 0.465843 0.467282 0.46874 0.469873 0.471424 0.4726 0.474224 0.475491 0.476701 0.478084 0.479598 0.480891 0.482152 0.483648 0.484911 0.486389 0.48745 0.489366 0.49049 0.491836 0.493368 0.494694 0.496283 0.497421 0.4987 0.500089 0.501451 0.502894 0.504276 0.505877 0.506857 0.508694 0.509391 0.511035 0.512573 0.513855 0.515088 0.51684 0.517935 0.519415 0.520832 0.522049 0.523381 0.524917 0.526111 0.527968 0.528813 0.530157 0.531922 0.533005 0.53421 0.535872 0.536915 0.538503 0.53995 0.541214 0.542698 0.544222 0.545319 0.546951 0.547912 0.549448 0.55082 0.552197 0.553534 0.554941 0.556442 0.557772 0.559296 0.560453 0.561941 0.563189 0.564713 0.565801 0.567328 0.568605 0.569826 0.571497 0.57293 0.574125 0.575734 0.576845 0.578208 0.579679 0.580835 0.582507 0.583861 0.584942 0.586449 0.587744 0.589486 0.590367 0.592101 0.593755 0.594473 0.596224 0.597434 0.59879 0.600272 0.601664 0.603128 0.604477 0.605798 0.60723 0.608479 0.610163 0.611306 0.612703 0.613857 0.615504 0.616502 0.61807 0.6196 0.62056 0.622054 0.623393 0.625326 0.626236 0.627911 0.628971 0.630413 0.632016 0.633182 0.634481 0.635826 0.637423 0.639104 0.639888 0.641187 0.643226 0.644006 0.645635 0.647128 0.648249 0.649875 0.650845 0.652595 0.653252 0.655219 0.656964 0.657704 0.659082 0.660663 0.662434 0.663222 0.664849 0.666183 0.667088 0.668779 0.670181 0.67133 0.673005 0.674336 0.675977 0.676966 0.678461 0.680006 0.68116 0.682551 0.683751 0.685204 0.686781 0.687814 0.689553 0.690536 0.692119 0.69379 0.694506 0.6964 0.697658 0.698745 0.70027 0.701731 0.703158 0.704528 0.705892 0.707198 0.708828 0.709706 0.711383 0.712783 0.713984 0.715757 0.716726 0.718649 0.719492 0.721028 0.722606 0.723436 0.725217 0.725967 0.728026 0.72905 0.730487 0.732064 0.733369 0.734662 0.735962 0.737446 0.738557 0.739965 0.741299 0.742949 0.744009 0.745574 0.747167 0.748402 0.74993 0.751042 0.7527 0.753665 0.755356 0.7567 0.758029 0.759669 0.760447 0.762221 0.763703 0.764854 0.766539 0.767409 0.769089 0.77036 0.771827 0.773313 0.774593 0.775799 0.777098 0.778727 0.779928 0.781514 0.782927 0.783875 0.785489 0.786906 0.788561 0.789491 0.790986 0.79207 0.79365 0.795045 0.796556 0.797834 0.799277 0.800932 0.802154 0.803267 0.804512 0.8062 0.807458 0.808851 0.810248 0.811246 0.813068 0.814338 0.815985 0.816668 0.818534 0.819791 0.821014 0.822475 0.823789 0.824951 0.82657 0.828217 0.829274 0.830631 0.832154 0.833279 0.834951 0.836351 0.837815 0.838755 0.840326 0.841883 0.843116 0.84438 0.84623 0.846872 0.848739 0.850237 0.850926 0.852542 0.854027 0.855237 0.85687 0.858164 0.859678 0.860698 0.862189 0.863681 0.864977 0.866199 0.86819 0.8688 0.870552 0.871707 0.873212 0.874447 0.876212 0.876944 0.8789 0.879969 0.881701 0.882846 0.884466 0.88568 0.887052 0.887996 0.889799 0.89114 0.89228 0.894285 0.894652 0.896481 0.89799 0.899333 0.900683 0.902023 0.903306 0.904686 0.906214 0.907541 0.908878 0.910224 0.911965 0.912973 0.914513 0.916079 0.917064 0.918827 0.919662 0.92121 0.922457 0.924098 0.925021 0.926761 0.928192 0.929755 0.930997 0.932277 0.933507 0.9351 0.936389 0.937793 0.93913 0.940278 0.941921 0.943647 0.944567 0.946047 0.947428 0.948582 0.949776 0.951297 0.952732 0.954198 0.955405 0.956804 0.958429 0.95965 0.961313 0.962261 0.96417 0.964844 0.966429 0.968041 0.969323 0.970512 0.972164 0.973228 0.974997 0.976139 0.977769 0.97854 0.980632 0.981492 0.982867 0.984295 0.98588 0.987119 0.988401 0.989771 0.991036 0.992658 0.993833 0.995393 0.996876 0.997952 -8.84356e-05 -0.00011662 5.69886e-05 -0.000174706 7.8009e-05 -0.000114398 -8.82396e-05 -0.000274177 -0.000155336 -0.000255367 -0.000217972 0.000104309 -0.000370612 -5.45623e-05 2.18105e-07 -0.000222808 -0.000436464 -0.000197474 -0.000136002 -1.89953e-05 -0.000184335 -0.000333789 -0.000150457 -0.000252438 -0.00014394 -0.000206099 -8.62748e-05 -7.19817e-05 -0.000254182 -0.000123459 -0.000218105 -0.000108305 -0.000151098 -0.000170863 -0.00024793 -3.10178e-05 -0.000171963 -0.000161098 -0.00011369 -0.000238643 -0.000310779 -4.31865e-05 -0.000293751 -0.000271576 -7.02422e-05 -0.000233844 -0.000280981 -9.76186e-05 -1.0679e-05 -0.000143207 -3.79506e-05 -9.65096e-05 -0.000202762 -0.000178737 -3.38994e-05 -0.000172778 -0.000449054 -0.000298701 -0.000138227 -0.000263011 -7.83048e-05 -0.000218423 -0.000164433 -0.000184696 -0.000128748 -5.35744e-05 -0.000104626 -0.000298021 -1.92442e-06 -0.0003978 -0.000127917 -0.000253131 -7.13965e-05 -0.000132121 -0.000200355 -9.706e-06 -5.69086e-05 -9.09906e-05 -0.000216019 -0.000188778 -0.000119395 -0.000193375 -0.000332865 -2.30477e-05 -0.000178917 -0.000149965 -0.000311998 -0.000256214 -0.000142926 1.03411e-05 -0.000228817 -0.000281986 -0.000488303 -0.000353009 -0.000304056 -0.000135242 -0.000441089 -0.000108608 -0.000163048 -0.000337745 -0.000117051 0.000202269 3.65449e-05 -0.000191 -0.000157141 -0.000255415 -0.000359582 -0.000155884 -7.30528e-05 4.32186e-05 -0.000142552 -0.000272089 -0.000103183 -0.000115214 -0.000146715 -1.71336e-05 -0.000198319 -6.46501e-05 -0.000392126 -0.000136795 -0.000136558 -2.95389e-06 -0.000223835 -0.000215409 -0.000321644 -0.000234922 -0.000164113 -0.000170177 -7.52669e-05 -7.69579e-05 -0.000117944 -9.3004e-05 -6.49547e-05 -0.000148607 3.50857e-06 -0.000193701 -0.000109312 -0.000420817 -0.000149854 -0.000199276 -0.000170402 -0.0001733 -0.000231369 -0.000127314 -0.000277197 -6.74949e-05 -0.000194577 -0.000364112 -5.26874e-05 -9.10784e-05 -0.000253414 -0.00058356 -0.000295845 -0.000191377 -0.00017314 -0.000290995 -0.000131599 -0.000160539 -0.000240185 -4.28075e-05 -0.000328831 -0.000156809 -0.000258679 -2.28206e-05 -0.000399385 3.72762e-05 -0.00019069 -0.000224526 -0.000217873 -0.0001284 -0.000112 -0.0001258 -0.000178069 -0.000240186 -0.000270787 -8.19025e-05 -6.75907e-05 2.33269e-05 -0.000215198 -0.000451267 -0.000193497 9.17946e-05 -0.000203936 -0.000412713 -0.000425736 -0.000128095 -0.00022191 -0.000292927 -0.000282809 -0.000102873 -0.000114544 -0.000329396 -7.5117e-05 -0.000402225 -5.52406e-05 -0.000207903 -0.000234426 -0.000163962 -0.0002294 -0.000222101 -0.000271715 -6.85285e-05 -0.000146505 -0.000323999 -0.000141045 -0.000264784 -2.16854e-05 -0.000197122 -6.59262e-05 -0.000212303 -0.000391253 -0.000125108 -0.000126786 -9.02457e-05 -0.00018503 4.32007e-05 -0.000198271 -0.000154263 -0.000170179 -0.000171532 -0.000148421 -0.000228221 -0.00020393 -5.44679e-05 -8.37432e-05 -0.0002961 -0.000197948 1.00722e-05 -0.000196468 -0.000103404 -0.000147942 -1.3089e-05 -0.000134537 -0.000197396 -0.000229384 -0.000123981 -6.40925e-05 -0.000162485 -0.00019055 -0.000312349 -0.000157899 -0.000187592 -8.98069e-05 -0.000477685 -8.07524e-05 -0.000167202 -0.00018014 -6.55274e-05 -0.00014793 -0.000395662 -0.000178344 -9.17325e-05 -9.61502e-05 -0.000261119 -0.000141163 -0.000280588 -0.000439954 4.79908e-05 -0.000138686 -5.60619e-05 -0.000167509 -7.93843e-05 -0.00024905 -0.000178294 -0.000211157 -0.000179895 -0.000241513 -3.85044e-05 -1.54643e-05 -7.58867e-05 -0.000122087 -0.000271984 -7.39233e-05 -0.00027023 -8.93851e-05 -0.000173205 -0.000244347 -0.000348809 -0.000128975 -2.33953e-05 -0.000209832 -8.99349e-05 -0.000248111 -0.000220784 -0.000194408 -0.000252686 -0.000195217 -7.29893e-05 -0.000163366 -4.8775e-05 -0.000120807 -7.35765e-05 -6.52678e-05 -0.000257771 -0.000211471 ]: ctxt_out Level: 36, LogPrecision: 13
Result Level: 36

Performance Analysis:
Execution time: 3770718 ms

Error Analysis:
Maximum error: 0.0012018 (log2: -9.70058)
Average error: 0.000557625 (log2: -10.8084)
Number of errors >= 0.01: 0
[       OK ] KWaySortTestFixture/4.SortTest (3792408 ms)
[----------] 1 test from KWaySortTestFixture/4 (3792408 ms total)

[----------] Global test environment tear-down
[==========] 5 tests from 5 test suites ran. (8406244 ms total)
[  PASSED  ] 5 tests.
