Input array size: 128
Multiplicative depth: 30
Scaling Mod: 40
Sign Configuration: CompositeSign(3, 3, 2)
Final Level: 30
input:
[ 0.148438 0.601562 0.953125 0.304688 0.875 0.0078125 0.429688 0.828125 0.585938 0.0546875 0.742188 0.757812 0.632812 0.75 0.882812 0.0625 0.3125 0.851562 0.796875 0.351562 0.09375 0.695312 0.210938 0.859375 0.820312 0.445312 0.117188 0.507812 0.671875 0.484375 0.6875 0.617188 0.109375 0.40625 0.382812 0.9375 0.0234375 0.390625 0.523438 0.625 0.265625 0.804688 0.640625 0.765625 0.710938 0.25 0.195312 0.578125 0.242188 0.84375 0.960938 0.320312 0.734375 0.726562 0.5 0.546875 0.164062 0.65625 0.492188 0.328125 0.96875 0.71875 0 0.59375 0.898438 0.664062 0.0390625 0.125 0.515625 0.0703125 0.015625 0.289062 0.984375 0.929688 0.03125 0.609375 0.15625 0.226562 0.421875 0.46875 0.1875 0.460938 0.789062 0.046875 0.53125 0.34375 0.921875 0.554688 0.398438 0.914062 0.296875 0.835938 0.945312 0.203125 0.414062 0.28125 0.976562 0.890625 0.078125 0.359375 0.476562 0.140625 0.992188 0.703125 0.679688 0.234375 0.78125 0.4375 0.539062 0.171875 0.273438 0.570312 0.867188 0.21875 0.257812 0.453125 0.648438 0.375 0.90625 0.101562 0.773438 0.5625 0.132812 0.335938 0.367188 0.8125 0.0859375 0.179688 ]
output:
[ -1.93701e-07 0.00782581 0.0156252 0.0234346 0.0312528 0.0390573 0.046865 0.0546986 0.0625014 0.0703132 0.0781254 0.0859415 0.0937464 0.101555 0.109375 0.117195 0.12501 0.132802 0.140626 0.148435 0.156248 0.164065 0.171861 0.179687 0.187496 0.195309 0.203124 0.210942 0.218752 0.226555 0.234375 0.242184 0.249999 0.2578 0.265635 0.273428 0.281244 0.289055 0.296871 0.304686 0.312503 0.32031 0.328113 0.335929 0.343744 0.351555 0.359361 0.367188 0.374996 0.382801 0.390622 0.39843 0.40625 0.414063 0.421886 0.429688 0.437507 0.445312 0.45312 0.460946 0.468755 0.476553 0.48438 0.492182 0.500001 0.507807 0.515638 0.523424 0.531242 0.539066 0.546861 0.554682 0.56251 0.570323 0.578133 0.585928 0.593756 0.601555 0.609367 0.617197 0.624994 0.632822 0.640619 0.648427 0.656246 0.664058 0.671893 0.679688 0.687501 0.695314 0.703131 0.710939 0.718751 0.726574 0.734376 0.742186 0.750001 0.757795 0.765627 0.77343 0.781262 0.789061 0.796879 0.804684 0.812499 0.820302 0.828129 0.835932 0.84375 0.851557 0.859364 0.867189 0.875007 0.882814 0.890614 0.898431 0.906244 0.914063 0.921878 0.929686 0.937504 0.945319 0.953126 0.960928 0.968759 0.976548 0.984369 0.99219 ]

Performance Analysis:
Execution time: 50900 ms

Error Analysis:
Maximum error: 1.75474e-05 (log2: -15.7984)
Average error: 5.63001e-06 (log2: -17.4384)
Number of errors larger than 0.01: 0
[       OK ] DirectSort/DirectSortTestFixture/5.SortTest (59267 ms)
[----------] 1 test from DirectSort/DirectSortTestFixture/5 (59267 ms total)

[----------] 1 test from DirectSort/DirectSortTestFixture/6, where TypeParam = std::integral_constant<unsigned long,256ul>
[ RUN      ] DirectSort/DirectSortTestFixture/6.SortTest
Using Ring Dimension: 131072
