Input array size: 256
Multiplicative depth: 34
Scaling Mod: 40
Sign Configuration: CompositeSign(3, 4, 2)
Final Level: 34
input:
[ 0.75 0.0078125 0.871094 0.636719 0.0820312 0.25 0.503906 0.269531 0.5625 0.796875 0.792969 0.6875 0.542969 0.867188 0.472656 0.71875 0.699219 0.414062 0.652344 0.0664062 0.339844 0.417969 0.640625 0.710938 0.015625 0.996094 0.949219 0.550781 0.5 0.90625 0.527344 0.675781 0.0703125 0.617188 0.140625 0.347656 0.320312 0 0.855469 0.8125 0.957031 0.574219 0.507812 0.144531 0.09375 0.207031 0.53125 0.441406 0.148438 0.425781 0.730469 0.453125 0.925781 0.183594 0.484375 0.378906 0.300781 0.605469 0.261719 0.171875 0.253906 0.421875 0.402344 0.632812 0.195312 0.683594 0.96875 0.289062 0.832031 0.582031 0.84375 0.839844 0.160156 0.523438 0.28125 0.671875 0.0351562 0.375 0.0859375 0.910156 0.738281 0.691406 0.167969 0.0390625 0.757812 0.863281 0.726562 0.3125 0.761719 0.980469 0.199219 0.464844 0.0898438 0.609375 0.597656 0.480469 0.59375 0.101562 0.9375 0.773438 0.546875 0.324219 0.382812 0.0117188 0.65625 0.722656 0.535156 0.625 0.703125 0.894531 0.0546875 0.476562 0.585938 0.367188 0.308594 0.445312 0.0507812 0.644531 0.371094 0.351562 0.046875 0.410156 0.0585938 0.230469 0.851562 0.785156 0.109375 0.273438 0.570312 0.121094 0.511719 0.746094 0.363281 0.0429688 0.789062 0.875 0.933594 0.988281 0.941406 0.316406 0.238281 0.539062 0.125 0.128906 0.449219 0.777344 0.429688 0.613281 0.664062 0.03125 0.191406 0.164062 0.984375 0.00390625 0.882812 0.972656 0.828125 0.835938 0.226562 0.824219 0.386719 0.566406 0.210938 0.515625 0.765625 0.0195312 0.203125 0.34375 0.136719 0.296875 0.804688 0.0625 0.816406 0.734375 0.914062 0.917969 0.21875 0.433594 0.621094 0.695312 0.222656 0.40625 0.285156 0.78125 0.460938 0.242188 0.394531 0.078125 0.0742188 0.878906 0.257812 0.1875 0.175781 0.554688 0.359375 0.886719 0.769531 0.0273438 0.152344 0.964844 0.265625 0.117188 0.335938 0.714844 0.902344 0.398438 0.234375 0.800781 0.628906 0.492188 0.601562 0.660156 0.847656 0.648438 0.859375 0.679688 0.304688 0.132812 0.328125 0.15625 0.332031 0.277344 0.808594 0.753906 0.355469 0.488281 0.960938 0.929688 0.558594 0.945312 0.589844 0.707031 0.179688 0.113281 0.898438 0.578125 0.667969 0.0234375 0.992188 0.246094 0.921875 0.292969 0.976562 0.457031 0.0976562 0.4375 0.519531 0.46875 0.742188 0.390625 0.105469 0.820312 0.496094 0.953125 0.214844 0.890625 ]
output:
[ -9.00665e-05 0.00399388 0.00775292 0.0118019 0.0155356 0.0195269 0.0233552 0.0273898 0.0313561 0.035107 0.038959 0.0430236 0.0467308 0.0508676 0.0545156 0.0585558 0.0625094 0.0664085 0.0704385 0.0739948 0.078249 0.0819567 0.0858375 0.0900051 0.0936493 0.0976531 0.10159 0.105431 0.10934 0.113321 0.117221 0.12112 0.12518 0.129043 0.132637 0.136681 0.140761 0.144369 0.148328 0.152354 0.155976 0.160153 0.164118 0.167938 0.171774 0.17576 0.179563 0.183724 0.187463 0.191179 0.195446 0.199295 0.203103 0.206698 0.210911 0.214828 0.218679 0.22268 0.226596 0.230556 0.234694 0.238146 0.24217 0.246193 0.249911 0.253874 0.257808 0.261704 0.265694 0.269435 0.273433 0.277248 0.281421 0.285123 0.288968 0.292989 0.296621 0.300781 0.304626 0.308577 0.312494 0.316483 0.32039 0.32431 0.328215 0.332184 0.335819 0.339809 0.343706 0.347673 0.351701 0.355451 0.359301 0.363281 0.367101 0.371056 0.374919 0.378827 0.382953 0.386643 0.390718 0.394646 0.398483 0.402119 0.406128 0.410053 0.414059 0.418109 0.421792 0.425865 0.429743 0.433496 0.437548 0.441111 0.445087 0.449372 0.453287 0.457067 0.460845 0.464825 0.468817 0.472912 0.476685 0.480481 0.484338 0.488106 0.492258 0.495985 0.500044 0.503631 0.50761 0.511918 0.51553 0.519587 0.523431 0.527064 0.531227 0.535253 0.539124 0.543033 0.5466 0.551199 0.554719 0.558445 0.562214 0.566421 0.570447 0.574246 0.578167 0.582212 0.585905 0.589787 0.59361 0.597776 0.601595 0.605682 0.609429 0.613371 0.616987 0.621048 0.625003 0.628873 0.632785 0.636874 0.6409 0.644383 0.648254 0.65247 0.656191 0.660127 0.663671 0.667879 0.671775 0.676061 0.679675 0.683995 0.687413 0.691683 0.695176 0.699066 0.703209 0.707051 0.711123 0.71502 0.719345 0.72272 0.726611 0.730394 0.734235 0.738462 0.742106 0.746165 0.749988 0.754022 0.757751 0.761683 0.765272 0.769364 0.773424 0.777183 0.781467 0.785167 0.789063 0.792885 0.797054 0.800753 0.804783 0.808663 0.812721 0.816192 0.820312 0.823897 0.828268 0.832428 0.836025 0.83981 0.843831 0.847606 0.851447 0.855717 0.859299 0.863308 0.867001 0.871047 0.874785 0.878499 0.882843 0.886561 0.890537 0.894536 0.898163 0.902603 0.906302 0.910228 0.91425 0.918 0.922039 0.92556 0.929652 0.933486 0.937594 0.941268 0.945306 0.949262 0.953124 0.956901 0.961213 0.9649 0.969038 0.97274 0.976678 0.980548 0.984519 0.988452 0.992254 0.996236 ]

Performance Analysis:
Execution time: 78424 ms

Error Analysis:
Maximum error: 0.000595319 (log2: -10.714)
Average error: 0.000109143 (log2: -13.1615)
Number of errors larger than 0.01: 0
[       OK ] DirectSort/DirectSortTestFixture/6.SortTest (89324 ms)
[----------] 1 test from DirectSort/DirectSortTestFixture/6 (89324 ms total)

[----------] 1 test from DirectSort/DirectSortTestFixture/7, where TypeParam = std::integral_constant<unsigned long,512ul>
[ RUN      ] DirectSort/DirectSortTestFixture/7.SortTest
Using Ring Dimension: 131072
