Input array size: 64
Multiplicative depth: 29
Scaling Mod: 40
Sign Configuration: CompositeSign(3, 3, 2)
Final Level: 29
input:
[ 0.140625 0.78125 0.375 0.640625 0.421875 0.890625 0.171875 0.765625 0.953125 0.078125 0.734375 0.1875 0.75 0.859375 0.03125 0.40625 0.875 0.578125 0.125 0.53125 0.625 0.984375 0.28125 0.921875 0.796875 0.90625 0.6875 0.296875 0.09375 0.15625 0.5 0.96875 0.703125 0.609375 0.5625 0.359375 0 0.8125 0.25 0.0625 0.203125 0.71875 0.671875 0.34375 0.453125 0.515625 0.390625 0.546875 0.015625 0.328125 0.4375 0.9375 0.84375 0.109375 0.484375 0.046875 0.3125 0.65625 0.265625 0.234375 0.46875 0.59375 0.828125 0.21875 ]
output:
[ 2.3486e-06 0.0156215 0.0312516 0.0468723 0.0625025 0.0781235 0.0937445 0.109377 0.124997 0.140624 0.15625 0.171875 0.187498 0.203122 0.218751 0.234372 0.25 0.265626 0.281249 0.296876 0.312499 0.328124 0.343744 0.359375 0.375 0.390623 0.406246 0.421876 0.437499 0.453128 0.468753 0.484372 0.499999 0.515621 0.531248 0.546874 0.562498 0.578123 0.593752 0.609382 0.624997 0.640619 0.656247 0.671874 0.6875 0.703124 0.718754 0.734376 0.750003 0.76562 0.781251 0.796873 0.812497 0.828123 0.843755 0.859369 0.874993 0.890625 0.906236 0.921877 0.937496 0.953126 0.968758 0.984371 ]

Performance Analysis:
Execution time: 35395 ms

Error Analysis:
Maximum error: 1.44027e-05 (log2: -16.0833)
Average error: 2.69545e-06 (log2: -18.501)
Number of errors larger than 0.01: 0
[       OK ] DirectSort/DirectSortTestFixture/4.SortTest (43009 ms)
[----------] 1 test from DirectSort/DirectSortTestFixture/4 (43009 ms total)

[----------] 1 test from DirectSort/DirectSortTestFixture/5, where TypeParam = std::integral_constant<unsigned long,128ul>
[ RUN      ] DirectSort/DirectSortTestFixture/5.SortTest
Using Ring Dimension: 131072
