Input array size: 729
Using Ring Dimension: 131072
Multiplicative depth: 40
Scaling Mod: 59
 == stage 0 == 
3 6 0 0 0
Level 5
 == End stage 0 == 
 == stage 1 == 
3 6 0 1 0
Level 5
 == End stage 1 == 
 == stage 2 == 
3 6 1 0 1
Level 5
 == End stage 2 == 
 == stage 3 == 
3 6 1 0 2
Level 5
 == End stage 3 == 
 == stage 4 == 
3 6 0 2 0
Level 5
 == End stage 4 == 
 == stage 5 == 
3 6 1 1 1
Level 5
 == End stage 5 == 
 == stage 6 == 
3 6 1 1 2
Level 5
 == End stage 6 == 
 == stage 7 == 
3 6 2 0 1
Level 5
 == End stage 7 == 
 == stage 8 == 
3 6 2 0 2
Level 5
 == End stage 8 == 
 == stage 9 == 
3 6 0 3 0
Level 5
 == End stage 9 == 
 == stage 10 == 
3 6 1 2 1
Level 5
 == End stage 10 == 
 == stage 11 == 
3 6 1 2 2
Level 5
 == End stage 11 == 
 == stage 12 == 
3 6 2 1 1
Level 5
 == End stage 12 == 
 == stage 13 == 
3 6 2 1 2
Level 5
 == End stage 13 == 
 == stage 14 == 
3 6 3 0 1
Level 5
 == End stage 14 == 
 == stage 15 == 
3 6 3 0 2
Level 5
 == End stage 15 == 
 == stage 16 == 
3 6 0 4 0
Level 5
 == End stage 16 == 
 == stage 17 == 
3 6 1 3 1
Level 5
 == End stage 17 == 
 == stage 18 == 
3 6 1 3 2
Level 5
 == End stage 18 == 
 == stage 19 == 
3 6 2 2 1
Level 5
 == End stage 19 == 
 == stage 20 == 
3 6 2 2 2
Level 5
 == End stage 20 == 
 == stage 21 == 
3 6 3 1 1
Level 5
 == End stage 21 == 
 == stage 22 == 
3 6 3 1 2
Level 5
 == End stage 22 == 
 == stage 23 == 
3 6 4 0 1
Level 5
 == End stage 23 == 
 == stage 24 == 
3 6 4 0 2
Level 5
 == End stage 24 == 
 == stage 25 == 
3 6 0 5 0
Level 5
 == End stage 25 == 
 == stage 26 == 
3 6 1 4 1
Level 5
 == End stage 26 == 
 == stage 27 == 
3 6 1 4 2
Level 5
 == End stage 27 == 
 == stage 28 == 
3 6 2 3 1
Level 5
 == End stage 28 == 
 == stage 29 == 
3 6 2 3 2
Level 5
 == End stage 29 == 
 == stage 30 == 
3 6 3 2 1
Level 5
 == End stage 30 == 
 == stage 31 == 
3 6 3 2 2
Level 5
 == End stage 31 == 
 == stage 32 == 
3 6 4 1 1
Level 5
 == End stage 32 == 
 == stage 33 == 
3 6 4 1 2
Level 5
 == End stage 33 == 
 == stage 34 == 
3 6 5 0 1
Level 5
 == End stage 34 == 
 == stage 35 == 
3 6 5 0 2
Level 5
 == End stage 35 == 
Level of output: 36
[ -0.000559677 0.000614012 0.00215223 0.00334163 0.0049267 0.0062863 0.00762625 0.00884604 0.0103599 0.0116963 0.0133159 0.0144072 0.0158655 0.0173147 0.0185825 0.0198256 0.0212414 0.0227114 0.0241158 0.0255035 0.026885 0.0280769 0.0299876 0.0309076 0.032445 0.0337081 0.0351392 0.0363656 0.0377848 0.0394238 0.0406316 0.0420943 0.0431181 0.0444856 0.0461314 0.0476604 0.0486227 0.0504376 0.0515325 0.0529705 0.0542363 0.0557081 0.0570905 0.0583899 0.0598274 0.0611596 0.0625618 0.0639877 0.0651145 0.0667406 0.0680467 0.0695323 0.0708494 0.0722796 0.0731177 0.0747779 0.0764203 0.0777721 0.0788727 0.0801505 0.081697 0.0833846 0.0845966 0.0857001 0.0870502 0.0886192 0.090009 0.0913267 0.0927848 0.0941278 0.0956225 0.0970306 0.09807 0.0997467 0.101141 0.102395 0.104011 0.104781 0.106695 0.107882 0.109 0.110447 0.111992 0.113295 0.114773 0.11603 0.117577 0.118772 0.119992 0.121202 0.122877 0.124385 0.125618 0.127066 0.128695 0.129934 0.130955 0.132418 0.133906 0.135139 0.136868 0.137937 0.139241 0.140525 0.142195 0.143391 0.144537 0.146578 0.147652 0.149092 0.150396 0.151427 0.153089 0.154332 0.15588 0.157369 0.158355 0.160283 0.161236 0.162681 0.16403 0.165361 0.166865 0.168445 0.16935 0.170702 0.172234 0.173788 0.175216 0.17626 0.178078 0.179004 0.180516 0.181604 0.183092 0.184616 0.185902 0.187557 0.188928 0.189904 0.191532 0.192776 0.19431 0.195554 0.197133 0.198221 0.200237 0.200594 0.202546 0.203781 0.205138 0.206582 0.208027 0.209234 0.210612 0.211993 0.213462 0.214722 0.216463 0.217797 0.219073 0.220612 0.221353 0.223229 0.224547 0.225947 0.226876 0.228496 0.229984 0.231363 0.232711 0.234185 0.235444 0.236564 0.238095 0.239505 0.240747 0.24217 0.243579 0.245074 0.246383 0.248112 0.248951 0.250276 0.2522 0.252882 0.254571 0.255702 0.257237 0.258572 0.260122 0.261356 0.262649 0.264121 0.265461 0.267242 0.268241 0.2702 0.271157 0.272442 0.273473 0.27542 0.277013 0.278031 0.279137 0.280429 0.281896 0.283626 0.28448 0.286234 0.287544 0.288718 0.29024 0.291625 0.292753 0.294675 0.295628 0.296734 0.298664 0.299739 0.301311 0.302458 0.304087 0.305439 0.306639 0.307888 0.309403 0.310996 0.312272 0.313614 0.315066 0.316169 0.317589 0.31905 0.320095 0.322016 0.323456 0.324458 0.326248 0.327386 0.329104 0.329926 0.331558 0.332775 0.334377 0.33532 0.336976 0.338365 0.33961 0.340778 0.342435 0.343823 0.345177 0.346639 0.347972 0.34941 0.350366 0.351891 0.353278 0.354699 0.356085 0.357305 0.358928 0.360559 0.361446 0.363082 0.3643 0.365843 0.366841 0.368312 0.369783 0.371116 0.372693 0.373939 0.375364 0.376696 0.378192 0.379773 0.380519 0.382253 0.383553 0.384811 0.386596 0.387176 0.389168 0.390322 0.391735 0.393446 0.394141 0.395918 0.397177 0.398673 0.39983 0.401303 0.40289 0.404148 0.405466 0.406487 0.407971 0.409765 0.411241 0.412217 0.413629 0.415351 0.416387 0.417872 0.418941 0.420794 0.421751 0.423202 0.424934 0.425748 0.427247 0.428745 0.430255 0.431333 0.432698 0.434349 0.435762 0.43699 0.438151 0.44005 0.44109 0.442399 0.443918 0.445276 0.446849 0.447546 0.449618 0.450667 0.452197 0.453805 0.454876 0.456022 0.457684 0.458806 0.460225 0.461945 0.463182 0.464588 0.465889 0.467233 0.468632 0.469684 0.471249 0.472747 0.474122 0.475385 0.476751 0.478234 0.479402 0.480768 0.482452 0.483621 0.484972 0.486302 0.487809 0.48906 0.490463 0.491803 0.493111 0.494612 0.495899 0.497014 0.499135 0.500142 0.501179 0.502958 0.504336 0.505577 0.507099 0.50786 0.509552 0.510806 0.51258 0.513792 0.515515 0.516617 0.517952 0.519309 0.52075 0.52188 0.523464 0.524863 0.52635 0.527589 0.529228 0.529974 0.531441 0.532963 0.534127 0.535704 0.536826 0.538603 0.540042 0.541293 0.542682 0.544044 0.545561 0.547038 0.548092 0.54936 0.550646 0.552361 0.553533 0.554994 0.556443 0.55756 0.559088 0.560577 0.561729 0.563425 0.564406 0.566054 0.567404 0.568766 0.569738 0.571616 0.572492 0.574002 0.575533 0.576944 0.57856 0.579937 0.581042 0.583066 0.583276 0.585203 0.586605 0.587968 0.589244 0.59081 0.591803 0.593691 0.594367 0.596244 0.597479 0.598797 0.600222 0.601471 0.603083 0.604094 0.606109 0.606937 0.60861 0.609932 0.610864 0.612545 0.613801 0.615582 0.616324 0.617914 0.619535 0.620496 0.622161 0.623735 0.625215 0.626149 0.627616 0.628939 0.630511 0.631617 0.633124 0.634541 0.636029 0.637418 0.638829 0.63985 0.641611 0.64264 0.644876 0.645167 0.647205 0.648111 0.649726 0.650769 0.652566 0.653536 0.655268 0.65637 0.657755 0.659131 0.660907 0.661691 0.663346 0.664864 0.666074 0.667496 0.668977 0.670194 0.671424 0.672895 0.674242 0.675816 0.677038 0.67839 0.679763 0.681233 0.682885 0.684376 0.684742 0.686564 0.688074 0.689726 0.690596 0.692324 0.693425 0.695024 0.69631 0.697559 0.699052 0.700507 0.701894 0.703065 0.704223 0.705959 0.707036 0.708521 0.710334 0.711262 0.71282 0.714313 0.715692 0.717066 0.718409 0.71946 0.721018 0.722103 0.72382 0.725333 0.726457 0.727519 0.729363 0.730424 0.731944 0.733315 0.734999 0.735941 0.737421 0.738861 0.740342 0.741225 0.742955 0.744326 0.745799 0.746888 0.748402 0.749834 0.751033 0.75286 0.753708 0.754956 0.756654 0.757916 0.75911 0.760922 0.762023 0.763658 0.764404 0.766313 0.767761 0.769226 0.770379 0.771846 0.773299 0.774397 0.775924 0.777165 0.778742 0.780052 0.781751 0.78228 0.784219 0.785523 0.787003 0.788181 0.789666 0.790971 0.792465 0.793473 0.795411 0.796605 0.797769 0.799244 0.800845 0.801859 0.802946 0.804659 0.806021 0.807486 0.808642 0.8102 0.811594 0.81258 0.814198 0.81559 0.816759 0.818462 0.819548 0.821063 0.822533 0.823968 0.825213 0.826362 0.827861 0.829187 0.830659 0.832089 0.833354 0.834855 0.836355 0.837773 0.838941 0.840289 0.84169 0.842942 0.844406 0.845756 0.847167 0.848674 0.849688 0.851355 0.852708 0.854111 0.85522 0.856833 0.858114 0.859458 0.860682 0.862201 0.863542 0.864876 0.866243 0.867604 0.869348 0.87052 0.871732 0.873291 0.874584 0.875916 0.877528 0.878667 0.879923 0.881371 0.883138 0.883995 0.885632 0.886833 0.888385 0.889882 0.891219 0.892865 0.893493 0.895051 0.896486 0.897797 0.899274 0.900339 0.902056 0.90331 0.904804 0.906186 0.907593 0.908901 0.910216 0.911922 0.913135 0.914166 0.915866 0.917152 0.918625 0.920131 0.92112 0.922891 0.924025 0.925236 0.926804 0.927906 0.929576 0.931017 0.932046 0.933632 0.935308 0.93618 0.937339 0.939099 0.940317 0.941968 0.94328 0.944562 0.946089 0.947144 0.948602 0.950073 0.951471 0.952863 0.954459 0.955442 0.956817 0.95813 0.959597 0.960816 0.962852 0.96364 0.965266 0.966472 0.967803 0.96893 0.970467 0.972053 0.973318 0.974864 0.976316 0.977223 0.979105 0.980117 0.981562 0.982911 0.98439 0.985927 0.987086 0.98841 0.989937 0.991239 0.99253 0.993904 0.995441 0.996646 0.998116 3.71678e-05 -0.000250384 -0.000313215 -0.000202843 -6.35394e-05 -0.000197966 -0.000294845 -0.000266191 -0.000168836 -0.000217653 -0.000187625 4.51669e-05 -0.000137421 -0.000142169 -0.000408214 -0.000111143 -8.32227e-05 -0.00022204 -9.2149e-05 -0.000241166 -0.000171904 -0.000118794 -0.000140848 -0.0002776 -1.19384e-06 3.4222e-06 -0.000271502 -0.000147214 -0.000364352 -9.81054e-05 -2.23231e-05 -0.000306678 -7.55784e-05 -0.000156432 -0.000277362 -1.19461e-05 -5.5615e-05 -0.000369623 -0.000185304 -0.000427457 -0.000170103 -7.54545e-05 -0.000292322 -0.000257717 -0.000303246 -4.45814e-05 3.30633e-05 -0.000254658 -0.000171252 -0.000231868 -0.000221467 -0.000236301 -0.000332852 -0.000112726 -0.000147901 -0.000291742 -0.000272034 -0.00019582 1.23918e-05 -0.000210454 8.07389e-05 -9.78373e-05 -2.90144e-05 -0.000264137 -0.000285183 -0.000192861 -0.000238287 -0.000152281 -3.42678e-05 -0.000176516 -0.000241211 -4.98943e-05 -0.000175772 -5.54426e-05 -0.000231513 -0.000177474 -0.000162635 -0.000129798 -0.000117632 -0.000341052 1.14201e-05 -0.00018307 -0.000219275 2.34893e-05 4.45597e-05 -0.000132549 -0.000190005 -0.000293046 -0.000242729 -0.000217111 -0.000216652 -0.000106911 -0.000269831 -7.08459e-05 -0.000119827 -0.000146964 -0.000429194 -0.000377624 -4.81408e-05 -0.000132119 -8.86191e-05 -0.000329415 -0.000154296 -5.53515e-05 -4.22252e-05 -0.000286177 -0.00016333 -0.000221446 -0.000268638 -0.000266209 -0.000139305 -5.59654e-05 -0.00014406 -0.000190061 -0.000278631 -0.000102686 -4.94832e-05 -0.000111304 -7.62753e-05 -0.000199897 -0.000224282 -0.000252542 -0.000214421 -0.000184152 6.51609e-05 -0.000140066 -0.000323294 -0.000167948 -0.000273349 -0.000207432 -0.0001287 -2.92972e-05 -0.000133252 -0.000107346 -6.12654e-05 -9.2748e-05 -0.000164994 -1.48098e-05 -0.000122417 -7.48352e-05 -0.000191855 -0.00014771 -0.000209438 -0.000235 -0.000132455 -0.000201826 -0.000108436 -0.000176551 -0.000212775 -0.000234793 -0.000283732 -0.000292287 -0.000291899 -0.000142903 -0.000186913 -0.00030771 -0.000160498 -0.000160057 -0.000266789 -0.000171807 -0.000250654 -0.000212703 -0.000113854 -0.000267098 -8.90167e-06 -0.000175211 -0.000192266 -0.000276253 -0.000260756 -0.000255565 -0.00019141 -7.79249e-05 -0.000246146 -8.17115e-05 -0.000269981 -2.87751e-07 -0.000113317 -0.000195861 -0.0001194 -0.000480218 -0.000138368 -0.000416492 -0.000239103 -0.000145238 -0.000124123 -0.000202147 -0.000137458 -0.000388544 -0.000153131 -0.000246568 -0.000301096 -0.000198968 -0.000276592 -0.000281686 -1.60233e-05 7.97711e-05 -5.32293e-05 -0.000206926 -8.35064e-05 -4.50779e-05 -0.000304525 -0.000155767 -0.000152578 -0.000325526 -6.33123e-05 -0.000206748 -0.000153353 -0.000231977 4.06969e-05 -0.000118992 -4.99493e-06 -0.000162481 -0.000140969 -0.000179487 -0.000382185 -0.000236372 -0.000268165 -0.000205792 -0.000209195 -0.000160751 -0.000288671 -0.000158083 -0.000203257 -0.00021812 -0.000123242 -0.000167585 -0.000368791 -0.000102245 -0.000176953 -0.000181555 -0.000377316 -0.000187516 3.89824e-05 -0.00020878 -0.000319679 -0.000332037 -0.000176517 1.7293e-05 -0.000284766 -0.000394809 -0.000276653 -0.000184517 -8.05262e-05 -0.00044798 -0.00018517 -0.000226952 -0.000260587 -0.000420131 -5.89383e-05 -6.33329e-05 7.61948e-06 -0.000396598 -0.000211001 -0.000102839 -0.000234975 -9.57987e-05 -9.86059e-05 -0.000200897 -0.000341745 -0.000312131 -4.03762e-05 -0.000210956 -3.38371e-05 -0.000143672 1.69843e-06 -0.000169994 -0.00018572 -0.000193668 -0.00011916 -0.000290515 -0.000274776 -0.000245409 -0.000297885 -0.000119254 2.12152e-05 -0.000172235 -0.000129506 -7.79552e-05 -1.73467e-05 6.27663e-05 -0.000107702 -0.000194163 -6.8435e-05 -0.000430495 -0.000155072 -0.000135094 -4.33815e-05 -2.70411e-06 -8.22592e-05 -0.00028392 -6.56974e-05 -0.000416198 -0.000269937 -0.000284981 -0.00041609 ]: ctxt_out Level: 36, LogPrecision: 13
Result Level: 36

Performance Analysis:
Execution time: 3777725 ms

Error Analysis:
Maximum error: 0.00121517 (log2: -9.68463)
Average error: 0.000556704 (log2: -10.8108)
Number of errors >= 0.01: 0
[       OK ] KWaySortTestFixture/4.SortTest (3800005 ms)
[----------] 1 test from KWaySortTestFixture/4 (3800006 ms total)

[----------] Global test environment tear-down
[==========] 5 tests from 5 test suites ran. (8398509 ms total)
[  PASSED  ] 5 tests.
