Input array size: 256
Multiplicative depth: 34
Scaling Mod: 40
Sign Configuration: CompositeSign(3, 4, 2)
Final Level: 34
input:
[ 0.867188 0.136719 0.226562 0.246094 0.910156 0.980469 0.824219 0.140625 0.941406 0.792969 0.605469 0.191406 0.472656 0.46875 0.109375 0.628906 0.371094 0.0390625 0.953125 0.296875 0.367188 0.429688 0.480469 0.679688 0.652344 0.0078125 0.210938 0.355469 0.382812 0.988281 0.925781 0.183594 0.828125 0.1875 0.929688 0.644531 0.640625 0.75 0.453125 0.230469 0.800781 0.738281 0.167969 0.441406 0.558594 0.535156 0.300781 0.523438 0.71875 0.574219 0.734375 0.804688 0.964844 0.40625 0.09375 0.769531 0.0546875 0.128906 0.332031 0.203125 0.722656 0.65625 0.960938 0.433594 0.816406 0.808594 0.855469 0.464844 0.921875 0.324219 0.292969 0.917969 0.59375 0.777344 0.144531 0.753906 0.761719 0.265625 0.449219 0.335938 0.207031 0.570312 0.277344 0.351562 0.394531 0.398438 0.339844 0.703125 0.636719 0.320312 0.996094 0.789062 0.410156 0.507812 0.0507812 0.757812 0.496094 0.554688 0.710938 0.425781 0.148438 0.671875 0.746094 0.0625 0.589844 0.316406 0.742188 0.851562 0.460938 0.984375 0.542969 0.375 0.847656 0.992188 0.730469 0.121094 0.00390625 0.972656 0.046875 0.417969 0.222656 0.863281 0.527344 0.238281 0.390625 0.0664062 0.175781 0.613281 0.871094 0.707031 0.113281 0.257812 0.945312 0.289062 0.667969 0.492188 0.539062 0.347656 0.550781 0.078125 0.878906 0.195312 0.273438 0.511719 0.15625 0.597656 0.363281 0.886719 0.933594 0.699219 0.773438 0.617188 0.359375 0.261719 0.976562 0.0234375 0.308594 0.949219 0.902344 0.632812 0.882812 0.578125 0.0976562 0.582031 0.503906 0.90625 0.875 0.8125 0.25 0.304688 0.0742188 0.785156 0.015625 0.683594 0.609375 0.832031 0.601562 0.132812 0.386719 0.285156 0.3125 0.898438 0.101562 0.253906 0.03125 0.765625 0.0429688 0.0351562 0.0273438 0.859375 0.242188 0.199219 0.648438 0.84375 0.269531 0.839844 0.328125 0.820312 0.0820312 0.0585938 0.890625 0.105469 0.695312 0.566406 0.78125 0.714844 0.6875 0.171875 0.515625 0.625 0.445312 0.519531 0.894531 0.9375 0.585938 0.957031 0.53125 0.0117188 0.421875 0.796875 0.0195312 0.179688 0.621094 0.152344 0.0898438 0.5625 0.664062 0.160156 0.484375 0.125 0.4375 0.675781 0.0703125 0.914062 0.34375 0.660156 0.0859375 0.21875 0.117188 0.691406 0.234375 0.476562 0.164062 0.214844 0.726562 0.28125 0.5 0.546875 0.402344 0.96875 0 0.414062 0.488281 0.457031 0.378906 0.835938 ]
output:
[ 5.00592e-05 0.00379729 0.00761609 0.0117668 0.0155908 0.0193124 0.0236941 0.0272995 0.0313671 0.035033 0.0391595 0.0427928 0.0470026 0.050886 0.0546795 0.0585444 0.0625253 0.0663664 0.0703354 0.07425 0.0781273 0.0819917 0.086023 0.0898365 0.0935946 0.0975202 0.101542 0.105442 0.109305 0.113407 0.11741 0.121108 0.124976 0.128933 0.132833 0.136635 0.140622 0.144432 0.148541 0.152365 0.156389 0.16004 0.163974 0.167977 0.172088 0.175754 0.179602 0.183525 0.187867 0.191437 0.195009 0.199143 0.203055 0.206762 0.211043 0.214839 0.218758 0.222762 0.226308 0.230487 0.234445 0.238382 0.242185 0.246369 0.2499 0.25383 0.257858 0.261918 0.265852 0.269485 0.273213 0.27739 0.281104 0.28511 0.289231 0.292903 0.296686 0.300604 0.304873 0.308541 0.312432 0.31644 0.320451 0.324002 0.328237 0.331938 0.336062 0.33964 0.34371 0.347823 0.351527 0.355595 0.359414 0.363419 0.367146 0.371297 0.374886 0.37888 0.382653 0.386671 0.390874 0.394715 0.398635 0.402461 0.406201 0.41037 0.414369 0.417996 0.42207 0.42582 0.429778 0.433555 0.437581 0.441199 0.445327 0.449521 0.453272 0.457051 0.460957 0.464767 0.468661 0.472424 0.476481 0.480439 0.484599 0.488324 0.492563 0.495895 0.500155 0.503891 0.507894 0.511588 0.515506 0.519441 0.523716 0.527534 0.531218 0.535409 0.538819 0.542804 0.54705 0.55093 0.554933 0.558701 0.562433 0.566376 0.570423 0.574189 0.578181 0.582086 0.58604 0.58974 0.59381 0.597588 0.601596 0.605612 0.609441 0.613146 0.617115 0.620976 0.625052 0.62896 0.632822 0.636808 0.640791 0.644883 0.648487 0.652539 0.656568 0.660347 0.663797 0.668133 0.671972 0.675601 0.67979 0.683488 0.687451 0.691374 0.695062 0.698912 0.703011 0.707036 0.71082 0.714999 0.71876 0.723072 0.726664 0.730519 0.733943 0.738363 0.742293 0.7461 0.749785 0.753947 0.757891 0.761492 0.765906 0.769201 0.773526 0.777069 0.781139 0.785326 0.78891 0.792724 0.796684 0.800496 0.804547 0.808563 0.812233 0.815954 0.820251 0.824398 0.828106 0.831824 0.836272 0.839737 0.843576 0.847738 0.851212 0.855085 0.859695 0.863341 0.867083 0.870824 0.874694 0.878967 0.883136 0.886728 0.890612 0.89456 0.898217 0.902426 0.906017 0.910516 0.914055 0.91796 0.921962 0.925753 0.929712 0.934004 0.937565 0.941634 0.945443 0.949149 0.953218 0.95666 0.960666 0.965236 0.968969 0.972802 0.976432 0.980407 0.984492 0.987921 0.991732 0.995953 ]

Performance Analysis:
Execution time: 77918 ms

Error Analysis:
Maximum error: 0.000455379 (log2: -11.1006)
Average error: 0.000132532 (log2: -12.8814)
Number of errors larger than 0.01: 0
[       OK ] DirectSort/DirectSortTestFixture/6.SortTest (89189 ms)
[----------] 1 test from DirectSort/DirectSortTestFixture/6 (89189 ms total)

[----------] 1 test from DirectSort/DirectSortTestFixture/7, where TypeParam = std::integral_constant<unsigned long,512ul>
[ RUN      ] DirectSort/DirectSortTestFixture/7.SortTest
Using Ring Dimension: 131072
