Input array size: 64
Multiplicative depth: 29
Scaling Mod: 40
Sign Configuration: CompositeSign(3, 3, 2)
Final Level: 29
input:
[ 0.890625 0.984375 0.78125 0.5 0.96875 0.53125 0.125 0.65625 0.9375 0.953125 0.296875 0.28125 0.078125 0.578125 0.359375 0.0625 0.828125 0.34375 0.21875 0.90625 0.921875 0.1875 0.015625 0.171875 0 0.546875 0.703125 0.453125 0.59375 0.046875 0.46875 0.71875 0.140625 0.84375 0.15625 0.09375 0.640625 0.625 0.875 0.3125 0.203125 0.796875 0.8125 0.421875 0.390625 0.375 0.03125 0.6875 0.671875 0.234375 0.484375 0.5625 0.515625 0.4375 0.40625 0.765625 0.734375 0.859375 0.25 0.609375 0.109375 0.328125 0.265625 0.75 ]
output:
[ -1.13987e-07 0.0156223 0.0312479 0.0468713 0.0625004 0.0781251 0.0937494 0.109372 0.124998 0.140623 0.156248 0.171874 0.1875 0.203126 0.218749 0.234376 0.250002 0.26562 0.281252 0.296869 0.3125 0.328121 0.343744 0.359374 0.375 0.390624 0.406248 0.421872 0.437499 0.453125 0.468745 0.484372 0.499999 0.515622 0.531249 0.546877 0.562498 0.578117 0.593742 0.609373 0.624996 0.640623 0.656249 0.671881 0.687494 0.703123 0.718744 0.734375 0.75 0.765623 0.781242 0.796878 0.812494 0.828116 0.843752 0.859377 0.874997 0.890631 0.906243 0.921874 0.937498 0.953125 0.968749 0.984376 ]

Performance Analysis:
Execution time: 35630 ms

Error Analysis:
Maximum error: 9.02746e-06 (log2: -16.7572)
Average error: 2.66272e-06 (log2: -18.5187)
Number of errors larger than 0.01: 0
[       OK ] DirectSort/DirectSortTestFixture/4.SortTest (42891 ms)
[----------] 1 test from DirectSort/DirectSortTestFixture/4 (42891 ms total)

[----------] 1 test from DirectSort/DirectSortTestFixture/5, where TypeParam = std::integral_constant<unsigned long,128ul>
[ RUN      ] DirectSort/DirectSortTestFixture/5.SortTest
Using Ring Dimension: 131072
