Input array size: 128
Multiplicative depth: 30
Scaling Mod: 40
Sign Configuration: CompositeSign(3, 3, 2)
Final Level: 30
input:
[ 0.742188 0.703125 0.71875 0.96875 0.4375 0.0703125 0.382812 0.242188 0.625 0.492188 0.554688 0.78125 0.359375 0.984375 0.671875 0.429688 0.859375 0.1875 0.695312 0.28125 0.351562 0.726562 0.210938 0.828125 0.601562 0.3125 0.328125 0.6875 0.0390625 0.117188 0.289062 0.0234375 0.789062 0.65625 0.109375 0.078125 0.484375 0.710938 0.835938 0 0.570312 0.523438 0.0546875 0.765625 0.257812 0.15625 0.820312 0.90625 0.976562 0.507812 0.171875 0.0078125 0.335938 0.445312 0.867188 0.046875 0.273438 0.59375 0.09375 0.898438 0.375 0.367188 0.796875 0.992188 0.578125 0.203125 0.914062 0.476562 0.0625 0.953125 0.53125 0.25 0.304688 0.195312 0.960938 0.945312 0.164062 0.132812 0.9375 0.03125 0.453125 0.148438 0.84375 0.640625 0.648438 0.546875 0.851562 0.140625 0.234375 0.8125 0.015625 0.921875 0.75 0.179688 0.617188 0.0859375 0.390625 0.632812 0.539062 0.585938 0.773438 0.664062 0.757812 0.296875 0.5625 0.398438 0.320312 0.890625 0.101562 0.460938 0.265625 0.882812 0.679688 0.421875 0.226562 0.414062 0.34375 0.804688 0.125 0.40625 0.515625 0.21875 0.609375 0.46875 0.875 0.929688 0.5 0.734375 ]
output:
[ -2.26591e-05 0.00782485 0.0156222 0.023449 0.0312394 0.0390671 0.0468806 0.0546838 0.0624973 0.0703199 0.0781291 0.0859283 0.0937522 0.101573 0.109376 0.117183 0.125 0.132807 0.140617 0.14845 0.156243 0.164057 0.171878 0.179693 0.187487 0.195322 0.203122 0.210943 0.218747 0.226562 0.234377 0.242183 0.250001 0.25781 0.26562 0.273437 0.281248 0.289055 0.296867 0.304697 0.312491 0.320297 0.32814 0.335932 0.343739 0.351553 0.359385 0.367172 0.374992 0.382812 0.390625 0.398441 0.406246 0.414067 0.421877 0.429696 0.437501 0.445318 0.45312 0.460934 0.468738 0.476574 0.484352 0.492195 0.499991 0.507804 0.515636 0.523426 0.531241 0.539065 0.546874 0.55468 0.562499 0.570301 0.578119 0.585931 0.593751 0.601564 0.609387 0.617187 0.624988 0.632797 0.64065 0.648431 0.656261 0.664046 0.67189 0.679691 0.687502 0.695316 0.703127 0.71093 0.718749 0.726565 0.734385 0.742184 0.750003 0.757802 0.76562 0.773432 0.781254 0.78906 0.796883 0.804693 0.812518 0.820309 0.828125 0.835949 0.843761 0.851566 0.859371 0.867191 0.875001 0.882816 0.890632 0.898413 0.906239 0.914058 0.921874 0.929686 0.937502 0.945323 0.953121 0.960929 0.968744 0.976547 0.984381 0.992201 ]

Performance Analysis:
Execution time: 50236 ms

Error Analysis:
Maximum error: 2.46251e-05 (log2: -15.3095)
Average error: 6.90767e-06 (log2: -17.1434)
Number of errors larger than 0.01: 0
[       OK ] DirectSort/DirectSortTestFixture/5.SortTest (58561 ms)
[----------] 1 test from DirectSort/DirectSortTestFixture/5 (58561 ms total)

[----------] 1 test from DirectSort/DirectSortTestFixture/6, where TypeParam = std::integral_constant<unsigned long,256ul>
[ RUN      ] DirectSort/DirectSortTestFixture/6.SortTest
Using Ring Dimension: 131072
