Input array size: 729
Using Ring Dimension: 131072
Multiplicative depth: 40
Scaling Mod: 59
 == stage 0 == 
3 6 0 0 0
Level 5
 == End stage 0 == 
 == stage 1 == 
3 6 0 1 0
Level 5
 == End stage 1 == 
 == stage 2 == 
3 6 1 0 1
Level 5
 == End stage 2 == 
 == stage 3 == 
3 6 1 0 2
Level 5
 == End stage 3 == 
 == stage 4 == 
3 6 0 2 0
Level 5
 == End stage 4 == 
 == stage 5 == 
3 6 1 1 1
Level 5
 == End stage 5 == 
 == stage 6 == 
3 6 1 1 2
Level 5
 == End stage 6 == 
 == stage 7 == 
3 6 2 0 1
Level 5
 == End stage 7 == 
 == stage 8 == 
3 6 2 0 2
Level 5
 == End stage 8 == 
 == stage 9 == 
3 6 0 3 0
Level 5
 == End stage 9 == 
 == stage 10 == 
3 6 1 2 1
Level 5
 == End stage 10 == 
 == stage 11 == 
3 6 1 2 2
Level 5
 == End stage 11 == 
 == stage 12 == 
3 6 2 1 1
Level 5
 == End stage 12 == 
 == stage 13 == 
3 6 2 1 2
Level 5
 == End stage 13 == 
 == stage 14 == 
3 6 3 0 1
Level 5
 == End stage 14 == 
 == stage 15 == 
3 6 3 0 2
Level 5
 == End stage 15 == 
 == stage 16 == 
3 6 0 4 0
Level 5
 == End stage 16 == 
 == stage 17 == 
3 6 1 3 1
Level 5
 == End stage 17 == 
 == stage 18 == 
3 6 1 3 2
Level 5
 == End stage 18 == 
 == stage 19 == 
3 6 2 2 1
Level 5
 == End stage 19 == 
 == stage 20 == 
3 6 2 2 2
Level 5
 == End stage 20 == 
 == stage 21 == 
3 6 3 1 1
Level 5
 == End stage 21 == 
 == stage 22 == 
3 6 3 1 2
Level 5
 == End stage 22 == 
 == stage 23 == 
3 6 4 0 1
Level 5
 == End stage 23 == 
 == stage 24 == 
3 6 4 0 2
Level 5
 == End stage 24 == 
 == stage 25 == 
3 6 0 5 0
Level 5
 == End stage 25 == 
 == stage 26 == 
3 6 1 4 1
Level 5
 == End stage 26 == 
 == stage 27 == 
3 6 1 4 2
Level 5
 == End stage 27 == 
 == stage 28 == 
3 6 2 3 1
Level 5
 == End stage 28 == 
 == stage 29 == 
3 6 2 3 2
Level 5
 == End stage 29 == 
 == stage 30 == 
3 6 3 2 1
Level 5
 == End stage 30 == 
 == stage 31 == 
3 6 3 2 2
Level 5
 == End stage 31 == 
 == stage 32 == 
3 6 4 1 1
Level 5
 == End stage 32 == 
 == stage 33 == 
3 6 4 1 2
Level 5
 == End stage 33 == 
 == stage 34 == 
3 6 5 0 1
Level 5
 == End stage 34 == 
 == stage 35 == 
3 6 5 0 2
Level 5
 == End stage 35 == 
Level of output: 36
[ -0.000506729 0.000852227 0.00194604 0.00334083 0.00489874 0.00624002 0.00766962 0.00908841 0.0106217 0.0117463 0.0131691 0.0148187 0.0158639 0.0172858 0.0186358 0.020213 0.021445 0.0230287 0.0239424 0.0255054 0.0269298 0.0283943 0.0295664 0.0313 0.0325725 0.0339683 0.0352012 0.0365908 0.0382408 0.0391326 0.0407466 0.0420019 0.0432155 0.0443119 0.0461012 0.0473399 0.0489768 0.050086 0.0516474 0.0530587 0.0541264 0.0561403 0.0566238 0.0584599 0.0598143 0.061122 0.0626757 0.0637554 0.065593 0.0661134 0.0681088 0.0691555 0.0707926 0.0724349 0.0733647 0.0747328 0.0764511 0.0773101 0.0791704 0.0804642 0.0816697 0.0831773 0.0847664 0.086023 0.087219 0.0887533 0.0897115 0.0913938 0.0927046 0.0939775 0.0953622 0.0968323 0.0980361 0.0995495 0.100936 0.102358 0.103485 0.105023 0.106551 0.108 0.109271 0.110765 0.111999 0.113084 0.114815 0.116183 0.117351 0.118602 0.119964 0.121765 0.122547 0.124475 0.125534 0.126879 0.128638 0.129721 0.131029 0.132858 0.133538 0.135291 0.136502 0.137856 0.139214 0.140947 0.142114 0.143312 0.144957 0.146325 0.147549 0.148891 0.150598 0.151178 0.152944 0.154417 0.155726 0.157239 0.158552 0.159899 0.161256 0.162547 0.164033 0.165075 0.166734 0.168165 0.169699 0.170959 0.172213 0.173909 0.175375 0.17605 0.177856 0.179082 0.180504 0.181996 0.183038 0.184724 0.186038 0.187433 0.188626 0.190196 0.191481 0.192928 0.194505 0.195867 0.19744 0.198223 0.200052 0.20126 0.202284 0.203878 0.205243 0.206679 0.208493 0.20885 0.210893 0.211892 0.213234 0.214566 0.216062 0.217658 0.218844 0.220193 0.221611 0.223028 0.224146 0.225956 0.226947 0.228512 0.229892 0.231574 0.232576 0.233838 0.235381 0.236801 0.238154 0.239206 0.241024 0.242088 0.243877 0.244823 0.24664 0.247502 0.249201 0.250144 0.252275 0.252883 0.254786 0.255721 0.257718 0.25838 0.26017 0.261447 0.263045 0.264019 0.2655 0.266853 0.268375 0.269549 0.271069 0.272268 0.273682 0.275266 0.27658 0.278056 0.279472 0.280337 0.282052 0.283593 0.284579 0.286046 0.287325 0.288943 0.290107 0.291799 0.292937 0.29421 0.295468 0.296911 0.298493 0.299732 0.300903 0.302675 0.30394 0.305473 0.306868 0.307924 0.309636 0.310769 0.312254 0.313373 0.314985 0.316365 0.317889 0.319722 0.32 0.321971 0.323265 0.324716 0.325656 0.327611 0.328716 0.330132 0.331307 0.332599 0.334165 0.335571 0.336781 0.338169 0.339185 0.341149 0.342547 0.343695 0.345063 0.346455 0.347931 0.349299 0.3506 0.352097 0.353427 0.354743 0.356195 0.357513 0.358647 0.360311 0.361225 0.362979 0.364298 0.365709 0.367135 0.368166 0.369863 0.371119 0.372265 0.374273 0.375105 0.376504 0.378061 0.379465 0.38117 0.381725 0.383711 0.384787 0.386344 0.38766 0.388915 0.390499 0.391922 0.393326 0.394551 0.395791 0.397098 0.398862 0.399845 0.401769 0.402839 0.404378 0.405757 0.407075 0.407951 0.409765 0.4111 0.412157 0.413873 0.415067 0.4165 0.417851 0.419069 0.420503 0.421988 0.423557 0.424233 0.426568 0.4272 0.428887 0.430091 0.431471 0.433032 0.434425 0.43541 0.43708 0.438271 0.439979 0.44128 0.442371 0.444172 0.445231 0.44632 0.448272 0.449449 0.450658 0.452059 0.453545 0.454873 0.455983 0.457898 0.458703 0.460432 0.461858 0.463118 0.464642 0.465668 0.467529 0.468714 0.470106 0.471454 0.472579 0.47421 0.475208 0.476855 0.478306 0.479885 0.480996 0.481945 0.483728 0.485049 0.486605 0.487665 0.489013 0.490561 0.491983 0.493089 0.494662 0.495887 0.497306 0.498638 0.500596 0.500951 0.503104 0.504084 0.50571 0.506702 0.508512 0.509611 0.51088 0.512454 0.513816 0.515213 0.517158 0.517651 0.519459 0.520657 0.52198 0.523554 0.525021 0.526087 0.527872 0.52911 0.530216 0.531378 0.533166 0.534314 0.535964 0.537144 0.538662 0.539723 0.541415 0.542531 0.544156 0.545265 0.546893 0.548054 0.549559 0.550849 0.552394 0.553788 0.554984 0.5562 0.557672 0.559191 0.56036 0.561895 0.563231 0.564466 0.566001 0.567474 0.568848 0.570117 0.571616 0.572685 0.574447 0.575376 0.576885 0.578314 0.579479 0.581318 0.582358 0.583818 0.585303 0.586706 0.588022 0.589367 0.590906 0.591845 0.593383 0.594817 0.596082 0.597575 0.598942 0.600517 0.601679 0.603008 0.604439 0.605568 0.607231 0.608413 0.610063 0.611168 0.612553 0.613955 0.615484 0.616818 0.617857 0.619425 0.620942 0.621923 0.623504 0.625129 0.626303 0.627692 0.628822 0.630385 0.632119 0.633009 0.634646 0.63599 0.63739 0.638782 0.640173 0.641452 0.642905 0.644426 0.645289 0.6468 0.64841 0.649961 0.650922 0.652278 0.653976 0.654942 0.656666 0.657873 0.659217 0.660582 0.66204 0.663274 0.664562 0.666258 0.667294 0.669108 0.670346 0.671557 0.672829 0.674452 0.675644 0.677162 0.678523 0.67999 0.681219 0.682516 0.684091 0.685378 0.686901 0.687806 0.68939 0.69059 0.69212 0.693359 0.695093 0.696269 0.697566 0.698946 0.700647 0.702008 0.703143 0.705057 0.705741 0.707328 0.70897 0.709986 0.711684 0.712668 0.714225 0.715496 0.716984 0.71799 0.719567 0.72116 0.722184 0.723809 0.724917 0.726537 0.727804 0.729407 0.730539 0.731943 0.733473 0.734686 0.735821 0.737339 0.739199 0.739724 0.741893 0.742734 0.744122 0.745793 0.747269 0.748622 0.749725 0.750907 0.752687 0.75396 0.755186 0.756435 0.757971 0.759461 0.760866 0.762423 0.763625 0.764699 0.766419 0.76762 0.768901 0.770662 0.771627 0.773267 0.774615 0.775583 0.777437 0.77847 0.77994 0.781415 0.782726 0.78395 0.785301 0.786907 0.788339 0.789252 0.791192 0.792388 0.794144 0.794653 0.796666 0.797668 0.799222 0.800973 0.801819 0.803281 0.804859 0.805935 0.807126 0.808897 0.809972 0.811434 0.812825 0.81474 0.815251 0.817095 0.818268 0.819643 0.820968 0.82267 0.823791 0.82522 0.826669 0.827983 0.829669 0.830443 0.832025 0.833408 0.834893 0.836057 0.837854 0.838903 0.840255 0.841639 0.843253 0.844391 0.845861 0.847358 0.848663 0.849732 0.851696 0.852313 0.854063 0.855119 0.856778 0.858143 0.859737 0.861073 0.862702 0.863252 0.864925 0.866019 0.86779 0.869133 0.870541 0.871903 0.873063 0.874506 0.876262 0.877243 0.878677 0.880129 0.881384 0.882984 0.884083 0.885644 0.886709 0.888171 0.889734 0.891153 0.89234 0.893651 0.895409 0.896638 0.897912 0.899159 0.900982 0.901732 0.903319 0.905213 0.905859 0.907719 0.908659 0.91051 0.911689 0.913097 0.914325 0.91586 0.917189 0.918485 0.91993 0.921254 0.922813 0.923874 0.925386 0.926767 0.928201 0.929486 0.930829 0.932222 0.933819 0.934866 0.936144 0.937737 0.939121 0.940356 0.942061 0.943302 0.944467 0.945965 0.947328 0.948633 0.950097 0.951415 0.952881 0.95413 0.955446 0.956797 0.958346 0.959644 0.961272 0.9624 0.963859 0.965219 0.966485 0.967787 0.969149 0.97053 0.97216 0.973411 0.974608 0.976166 0.977524 0.978833 0.980068 0.981538 0.982872 0.984564 0.98553 0.987163 0.988197 0.989712 0.99126 0.992665 0.994189 0.995635 0.996475 0.997926 -0.000300489 -0.000171582 -0.000289047 -0.000177103 5.48012e-05 -0.00034241 -0.000345895 -1.14852e-05 -0.000350649 -0.000116312 -0.000176997 -9.41203e-05 -0.000117129 3.9423e-05 -0.000241035 0.000148502 -0.000260706 -0.000237207 -0.000251277 -4.97525e-05 -0.000388818 -0.000313634 -9.14618e-05 -9.07185e-05 -0.000172008 -0.000251393 -7.53586e-05 -0.000200254 -1.76505e-05 -8.75365e-05 -0.000190087 -0.000107126 -0.00040768 -0.000140964 -0.000241806 -0.000292462 -0.000130736 -0.000245713 -0.000139861 -2.84599e-06 -0.000395704 -0.000320039 -0.000211039 -0.000386081 -0.000192227 -3.95635e-05 -0.00011875 -0.000218865 -0.000335444 7.53586e-06 -0.000238663 -0.00010059 -0.000206927 -0.000135089 -0.000323046 -4.00821e-05 1.11193e-05 -0.000328659 4.58423e-05 -4.48136e-05 -0.000222191 -0.000194027 -0.000187706 -0.000167201 -0.000203327 -0.000175841 -0.000283636 -0.000134634 -0.000121673 -0.00011818 -0.000270758 -0.000147786 -0.000230946 -7.08011e-05 -0.000184366 -0.000301881 -0.000109996 -0.000171702 -0.000217958 -0.000240259 -0.000185935 -0.000119054 -0.00034494 -0.000399022 -0.000245392 -6.36515e-05 -9.87898e-05 -0.000210512 -0.000131463 -8.40071e-05 -0.000321047 -0.000265506 -0.000116027 -6.00948e-05 -0.000236114 -0.000118641 -9.53575e-05 -0.000255066 -6.19509e-05 -0.000308371 -8.99249e-05 -0.00015297 -0.000272891 -0.000349218 -0.000312415 -0.000162398 -0.000301081 -4.68348e-05 -0.000375095 -0.000374021 -8.25236e-05 -0.000218596 -0.000247408 -0.000224329 -0.000113118 -0.000253143 -0.000195413 -3.5593e-05 -0.000112246 -0.0002304 -0.000222492 -0.000265751 -0.000107237 -0.000209108 -0.000332099 -6.35847e-05 -0.000204145 -0.000114415 -0.000168403 -0.000161556 -0.000109231 -5.8902e-05 -0.000112308 -0.000152983 -0.000183137 -0.000163227 -0.000272225 -0.000232319 -0.000139104 -0.000302153 -0.000303851 -0.000264278 -0.000262741 -0.000367615 -0.000199903 -0.000200203 -8.10462e-05 -7.32425e-05 -4.49553e-05 -0.000152236 -0.000140257 -5.60148e-05 -0.000265943 -0.000217008 -0.000269128 -0.000350107 -0.000235374 -0.000264828 -0.000157626 -0.000378186 -0.000236072 -0.000317905 -0.000286576 -0.000252508 -0.000259395 -0.000249529 5.59657e-05 -0.000211472 -0.00025369 0.000150663 -0.000151244 -0.000121806 -0.000198707 -0.000116186 -0.000135981 2.60526e-05 -0.000211549 -0.00011842 -0.00013816 -0.00016034 1.62332e-05 -7.4569e-05 8.41926e-06 -0.000395436 -0.000314696 -0.000207881 -0.000306693 -0.000112693 -8.85338e-05 -0.000213319 -0.000391687 -0.000157307 -0.000329404 -0.000225956 -0.000136076 -0.000184011 -0.000134387 -0.000370027 -0.000266914 -0.000170595 -0.000133483 -0.000216062 -8.5142e-05 -0.000336165 -4.202e-05 -0.000230782 -4.15284e-05 -0.000136096 -8.06131e-05 -0.000101043 -0.000327258 -0.000213138 -0.000223062 -0.000251784 -0.000224222 -0.000217937 -0.000157185 -0.000115835 -0.000246546 -1.27249e-05 -6.79168e-05 -0.000196579 -9.4011e-05 -0.00027924 -0.000222406 -0.000205406 -0.000176255 -0.000254776 -6.87795e-05 -0.000278512 -0.000215821 -0.000145209 -0.000186739 -0.000201731 -0.000101773 -0.000256514 -0.00016881 -8.68026e-05 -0.000237871 -0.000162573 -0.000216682 -9.69987e-05 -0.000214041 -0.00017411 -0.00012515 -0.000143017 -0.000251421 -0.000276628 -0.000267114 5.57549e-05 -9.25241e-05 -0.00014168 -0.000233166 -0.000188936 -0.000203108 -0.000389277 -0.000159615 3.55285e-05 -0.000207178 -0.00025266 -0.000278917 -0.000311563 -0.000154752 -0.000295973 -0.000156669 -0.000161317 -0.00020256 -0.000153198 -0.000287243 -0.000148206 -0.00019901 -0.000265194 -0.000155705 -0.000112867 -8.23775e-05 -0.000200246 -0.00039563 -8.13345e-05 -0.000172934 -0.000208122 -0.000363741 -0.00025181 -0.000193157 -0.000214576 -0.000204094 -7.54032e-05 -0.000102302 -0.000354954 -0.000340472 -0.000242604 -0.000141087 -0.000113197 -0.000312915 -0.000257314 -0.000313989 ]: ctxt_out Level: 36, LogPrecision: 13
Result Level: 36

Performance Analysis:
Execution time: 3770752 ms

Error Analysis:
Maximum error: 0.0011619 (log2: -9.74929)
Average error: 0.000548876 (log2: -10.8312)
Number of errors >= 0.01: 0
[       OK ] KWaySortTestFixture/4.SortTest (3792570 ms)
[----------] 1 test from KWaySortTestFixture/4 (3792570 ms total)

[----------] Global test environment tear-down
[==========] 5 tests from 5 test suites ran. (8409314 ms total)
[  PASSED  ] 5 tests.
