Input array size: 729
Using Ring Dimension: 131072
Multiplicative depth: 40
Scaling Mod: 59
 == stage 0 == 
3 6 0 0 0
Level 5
 == End stage 0 == 
 == stage 1 == 
3 6 0 1 0
Level 5
 == End stage 1 == 
 == stage 2 == 
3 6 1 0 1
Level 5
 == End stage 2 == 
 == stage 3 == 
3 6 1 0 2
Level 5
 == End stage 3 == 
 == stage 4 == 
3 6 0 2 0
Level 5
 == End stage 4 == 
 == stage 5 == 
3 6 1 1 1
Level 5
 == End stage 5 == 
 == stage 6 == 
3 6 1 1 2
Level 5
 == End stage 6 == 
 == stage 7 == 
3 6 2 0 1
Level 5
 == End stage 7 == 
 == stage 8 == 
3 6 2 0 2
Level 5
 == End stage 8 == 
 == stage 9 == 
3 6 0 3 0
Level 5
 == End stage 9 == 
 == stage 10 == 
3 6 1 2 1
Level 5
 == End stage 10 == 
 == stage 11 == 
3 6 1 2 2
Level 5
 == End stage 11 == 
 == stage 12 == 
3 6 2 1 1
Level 5
 == End stage 12 == 
 == stage 13 == 
3 6 2 1 2
Level 5
 == End stage 13 == 
 == stage 14 == 
3 6 3 0 1
Level 5
 == End stage 14 == 
 == stage 15 == 
3 6 3 0 2
Level 5
 == End stage 15 == 
 == stage 16 == 
3 6 0 4 0
Level 5
 == End stage 16 == 
 == stage 17 == 
3 6 1 3 1
Level 5
 == End stage 17 == 
 == stage 18 == 
3 6 1 3 2
Level 5
 == End stage 18 == 
 == stage 19 == 
3 6 2 2 1
Level 5
 == End stage 19 == 
 == stage 20 == 
3 6 2 2 2
Level 5
 == End stage 20 == 
 == stage 21 == 
3 6 3 1 1
Level 5
 == End stage 21 == 
 == stage 22 == 
3 6 3 1 2
Level 5
 == End stage 22 == 
 == stage 23 == 
3 6 4 0 1
Level 5
 == End stage 23 == 
 == stage 24 == 
3 6 4 0 2
Level 5
 == End stage 24 == 
 == stage 25 == 
3 6 0 5 0
Level 5
 == End stage 25 == 
 == stage 26 == 
3 6 1 4 1
Level 5
 == End stage 26 == 
 == stage 27 == 
3 6 1 4 2
Level 5
 == End stage 27 == 
 == stage 28 == 
3 6 2 3 1
Level 5
 == End stage 28 == 
 == stage 29 == 
3 6 2 3 2
Level 5
 == End stage 29 == 
 == stage 30 == 
3 6 3 2 1
Level 5
 == End stage 30 == 
 == stage 31 == 
3 6 3 2 2
Level 5
 == End stage 31 == 
 == stage 32 == 
3 6 4 1 1
Level 5
 == End stage 32 == 
 == stage 33 == 
3 6 4 1 2
Level 5
 == End stage 33 == 
 == stage 34 == 
3 6 5 0 1
Level 5
 == End stage 34 == 
 == stage 35 == 
3 6 5 0 2
Level 5
 == End stage 35 == 
Level of output: 36
[ -0.000562559 0.000925252 0.00228441 0.00353146 0.00506579 0.00637335 0.00788245 0.00874748 0.0105094 0.0117404 0.0130989 0.0144339 0.0157712 0.0176108 0.0184566 0.0202193 0.021344 0.022698 0.0243613 0.0253242 0.0270972 0.0281344 0.0295589 0.0310112 0.0322467 0.0335326 0.0352261 0.0367452 0.0375058 0.0392167 0.0405586 0.0418014 0.0436116 0.0443553 0.0461341 0.0473392 0.0489039 0.0501362 0.0517446 0.0526564 0.0543413 0.0555428 0.0569462 0.0585476 0.0597369 0.0609598 0.0627234 0.0636692 0.065307 0.0667496 0.0680246 0.0697596 0.070431 0.0721455 0.0735499 0.0748528 0.0762128 0.0775578 0.0788259 0.0803275 0.0817648 0.0830481 0.0844286 0.0857549 0.0874586 0.0882748 0.0900071 0.0913693 0.0927104 0.0941189 0.0955323 0.096864 0.0981105 0.0992687 0.10086 0.102063 0.10369 0.105298 0.106351 0.107958 0.109262 0.110274 0.111868 0.113496 0.114652 0.116096 0.117473 0.118768 0.119931 0.12163 0.12286 0.124293 0.125883 0.127263 0.128247 0.129874 0.130676 0.132749 0.134292 0.13496 0.136426 0.138113 0.139235 0.140786 0.142324 0.143388 0.144906 0.146062 0.147595 0.148987 0.150454 0.151701 0.15289 0.154478 0.155744 0.15752 0.158469 0.15982 0.161307 0.162716 0.164067 0.165499 0.167023 0.167769 0.16953 0.171085 0.172145 0.173638 0.174817 0.176707 0.177691 0.179292 0.180848 0.181601 0.183252 0.184729 0.186046 0.187357 0.18851 0.190091 0.191496 0.192887 0.194168 0.195426 0.197343 0.198152 0.200037 0.201063 0.202586 0.204044 0.205337 0.206403 0.207945 0.209323 0.210857 0.211917 0.213723 0.214713 0.216296 0.217241 0.218772 0.220578 0.221797 0.222884 0.22456 0.225489 0.227092 0.228847 0.229704 0.231581 0.232461 0.234044 0.235491 0.236774 0.238256 0.239612 0.240898 0.242189 0.24375 0.24476 0.246141 0.247577 0.249189 0.250594 0.251496 0.253191 0.254588 0.255997 0.257163 0.25905 0.260209 0.260959 0.262809 0.264254 0.265608 0.266853 0.268218 0.269451 0.271022 0.272331 0.273725 0.275149 0.276883 0.27784 0.27911 0.280755 0.282116 0.283423 0.284513 0.286574 0.287224 0.288876 0.290255 0.291809 0.292875 0.293917 0.295788 0.296956 0.298349 0.299911 0.301399 0.302465 0.303768 0.305374 0.30653 0.308074 0.309693 0.310767 0.312006 0.313363 0.315126 0.316148 0.317745 0.318916 0.320505 0.32193 0.323284 0.32484 0.325833 0.327536 0.328463 0.329848 0.331593 0.332168 0.334012 0.335413 0.336823 0.338363 0.339612 0.340938 0.342343 0.34357 0.345012 0.346594 0.347828 0.34932 0.350375 0.352154 0.352718 0.354855 0.355991 0.357392 0.35874 0.360241 0.361467 0.362889 0.364443 0.365698 0.367173 0.368328 0.369683 0.37113 0.373009 0.373546 0.375279 0.376821 0.378028 0.37947 0.380823 0.381923 0.383601 0.384779 0.386127 0.387589 0.38894 0.390401 0.392125 0.392946 0.394656 0.395943 0.397163 0.398632 0.400021 0.401378 0.402761 0.404083 0.405145 0.406851 0.408625 0.409308 0.410992 0.412298 0.414019 0.414797 0.416778 0.417746 0.418854 0.42066 0.422035 0.423181 0.424661 0.426234 0.42717 0.428879 0.430064 0.431353 0.432886 0.434044 0.435691 0.4371 0.438525 0.439476 0.441195 0.442414 0.44395 0.445181 0.446404 0.447723 0.449614 0.450864 0.451839 0.453597 0.455045 0.455821 0.457541 0.458959 0.460145 0.461833 0.462861 0.464588 0.465705 0.467059 0.468596 0.47021 0.471124 0.472782 0.473781 0.475229 0.477319 0.478089 0.479458 0.481252 0.482131 0.483499 0.484985 0.486326 0.488161 0.488623 0.490736 0.492211 0.493299 0.494718 0.496012 0.497382 0.498718 0.500049 0.5016 0.502734 0.504226 0.505476 0.507052 0.508336 0.509663 0.511256 0.512561 0.513776 0.515091 0.516407 0.518129 0.519526 0.520644 0.521947 0.523333 0.524893 0.526741 0.526978 0.528961 0.5303 0.531742 0.533224 0.534227 0.535823 0.537179 0.538567 0.539943 0.541183 0.542726 0.54416 0.545103 0.546948 0.54846 0.549517 0.55086 0.551982 0.553875 0.554859 0.556408 0.557769 0.558793 0.560607 0.561943 0.563319 0.564625 0.566263 0.567194 0.568814 0.569981 0.571477 0.573164 0.573922 0.575453 0.577108 0.578407 0.579547 0.581128 0.582539 0.583614 0.585052 0.586571 0.588255 0.58908 0.590851 0.591583 0.593395 0.594714 0.596373 0.597639 0.598975 0.600034 0.60158 0.603244 0.604251 0.605441 0.607016 0.608528 0.609911 0.611158 0.612827 0.613893 0.615564 0.617021 0.618009 0.619386 0.620846 0.622261 0.623273 0.625214 0.626172 0.627535 0.628789 0.63033 0.631934 0.633122 0.634511 0.635872 0.63723 0.638404 0.639997 0.641455 0.642753 0.644271 0.645544 0.646972 0.648064 0.649869 0.651011 0.652238 0.653999 0.654705 0.656882 0.657944 0.659416 0.660239 0.661947 0.663513 0.664796 0.665854 0.66799 0.668435 0.670107 0.671205 0.673221 0.673974 0.675964 0.677159 0.678401 0.679799 0.680978 0.682922 0.683139 0.685533 0.686621 0.688161 0.689242 0.690866 0.69206 0.693409 0.69457 0.696412 0.697495 0.698898 0.700464 0.702066 0.702862 0.704639 0.705986 0.706919 0.708572 0.710236 0.711316 0.712795 0.714254 0.715566 0.716912 0.718272 0.71963 0.72082 0.722043 0.723786 0.72525 0.726388 0.727877 0.729047 0.730765 0.73201 0.733295 0.734858 0.736219 0.737363 0.738886 0.740048 0.741685 0.743167 0.744086 0.745816 0.747255 0.748424 0.749756 0.751469 0.75228 0.753717 0.755322 0.756901 0.757839 0.759335 0.760684 0.762271 0.763651 0.764841 0.766436 0.767629 0.768888 0.770591 0.771714 0.772889 0.774371 0.775885 0.777234 0.7786 0.779946 0.781558 0.782649 0.784146 0.78553 0.786842 0.788038 0.789466 0.790882 0.792342 0.793638 0.79492 0.796641 0.797613 0.799112 0.800528 0.801809 0.8033 0.804607 0.806205 0.807431 0.808695 0.810313 0.811456 0.812622 0.814287 0.815653 0.817316 0.818286 0.819653 0.821211 0.82273 0.823716 0.825295 0.826409 0.827951 0.82929 0.830702 0.832114 0.833445 0.834635 0.836226 0.837559 0.839284 0.839828 0.841851 0.843197 0.844596 0.845951 0.847227 0.848476 0.850047 0.851395 0.85288 0.854068 0.85573 0.856704 0.858204 0.859346 0.860896 0.862339 0.863635 0.865339 0.866361 0.867753 0.869008 0.87058 0.871645 0.873044 0.875084 0.875427 0.877461 0.878777 0.880098 0.881611 0.883266 0.884031 0.885585 0.886964 0.888418 0.88982 0.891218 0.89221 0.893931 0.895409 0.896618 0.89782 0.899205 0.900575 0.902283 0.903308 0.90494 0.906257 0.907561 0.908807 0.910212 0.911912 0.912981 0.914412 0.915807 0.917038 0.918532 0.919976 0.921075 0.922691 0.924038 0.925279 0.926943 0.92811 0.929198 0.931055 0.931928 0.933308 0.935243 0.936285 0.937605 0.939317 0.940404 0.941897 0.94318 0.944761 0.945839 0.94741 0.949034 0.949961 0.951329 0.952836 0.953864 0.95588 0.956683 0.958498 0.959822 0.960837 0.962488 0.963821 0.965219 0.966324 0.96792 0.969315 0.970621 0.971951 0.973325 0.974853 0.976353 0.977375 0.978797 0.980184 0.981522 0.983223 0.984377 0.985779 0.986905 0.988336 0.990081 0.990878 0.992847 0.993886 0.995245 0.996899 0.99807 -0.000224923 -9.02341e-05 -1.22183e-07 -0.000329493 -0.000258208 -0.000134111 -0.000226609 -0.000223944 -0.000212492 -6.23643e-05 -0.000243334 -0.000247002 -0.000295164 -0.000200136 -0.000179685 -0.000232334 -0.000302972 -0.000143639 -8.75737e-05 -0.000259805 -0.00028894 -0.000148573 -0.000250074 -8.63347e-05 -0.000360419 -0.000235815 0.000107109 -5.06119e-05 -0.00020629 -0.000223378 -0.000129359 -0.000213642 0.000128324 -0.000166447 -9.87944e-05 3.91516e-05 -0.000227058 -0.000309165 -0.000163309 8.20119e-05 9.66244e-05 -0.000194081 -0.000262551 7.80884e-05 -0.000183187 -0.000264527 -0.000347296 -0.000216942 -0.00024735 -0.000137883 -3.0307e-05 -0.000251517 -7.04526e-06 1.63628e-06 1.81255e-06 -0.000222365 -0.000394475 -0.000161937 -8.56098e-05 -0.000166026 0.000183791 -0.000117947 -0.000177492 -0.00020244 -0.00036806 -0.000387826 -0.000403978 -2.36609e-05 -0.000183733 9.96251e-05 -9.16408e-05 -3.86705e-05 -4.32282e-05 -0.000246217 6.98637e-05 7.15821e-05 -0.000279301 6.88862e-06 -0.000298228 -0.00036001 -0.000354654 -0.000286053 -0.000354224 -0.000183594 -0.000206369 -0.000286512 -0.000158673 4.47415e-05 -0.00021096 -0.000277161 -0.000355217 -0.000194346 -0.000188347 -4.30103e-05 -0.000228351 -0.000166379 -0.000177066 -0.000109174 -0.000167232 -0.000176282 5.33075e-05 -0.000222242 -8.18264e-05 -0.000170971 -0.000156788 -4.40332e-05 -0.000177769 -0.00019945 -0.000166389 7.15154e-05 -0.000350957 -2.15012e-05 -0.000270117 -0.000263197 -0.000180183 -0.00013773 -0.000216816 -0.000239487 -0.000240976 -0.000130483 -0.000229464 -0.000113674 -0.000174447 -8.49436e-05 -0.000261331 -0.000364861 -0.000247428 -0.000227889 -0.000294778 -0.000100325 -0.000104024 -0.00021304 -0.000298194 -8.82477e-05 -0.000242336 -0.000163784 1.24398e-05 -0.000137654 -0.000292757 -0.000247288 -7.09733e-05 -9.25901e-05 -0.000146673 -0.000192566 -0.000198941 -0.000132989 -0.00026591 -0.000191951 -0.000224477 -0.000237696 -0.000206541 -0.000349558 -0.000111953 -0.000349347 -0.000242845 -0.000109734 -7.85907e-05 -0.000131607 -0.000118177 -6.73768e-05 -0.000298471 -0.000319682 -0.000222366 -2.11759e-05 -0.000149489 -9.22124e-05 -0.000105856 -1.15543e-05 3.48408e-05 -0.00016418 -0.000316952 -0.000143212 -0.000155907 -0.000234586 -0.000136316 -0.000306657 -8.29461e-05 -0.000289857 -0.000270373 -0.000101997 -2.42442e-05 -1.99681e-05 -0.000156863 -2.034e-05 -6.80098e-05 -0.000145524 -0.000250287 -0.000302504 -9.45595e-05 -0.000219229 -0.000202886 -0.000378611 -0.000242615 -0.000296049 1.39046e-05 -0.000123583 -0.000235739 -0.000137619 -0.000151314 -3.57318e-05 -2.74798e-05 -1.47585e-05 -8.76962e-05 -4.48652e-05 -0.000132319 -0.000264153 -0.000379352 -0.00023702 -4.80962e-05 2.56578e-06 -1.9096e-05 -0.000121966 -0.000258835 -0.000246263 -0.000328977 -6.33483e-05 -0.000258523 -0.000229915 -0.000110488 -0.000159012 3.16239e-05 -3.48797e-05 -0.000251783 -0.000145598 -0.000172468 -0.000167489 -0.000222117 -0.000424327 -6.72839e-05 -0.000343606 4.34106e-05 -0.000100357 -0.000128777 2.08927e-06 -0.000308825 -0.000255387 -0.000223729 -0.000137691 -0.000372787 -0.000383807 -0.00025952 -0.000254141 -0.000271195 -0.000243917 -0.000433658 -0.000143203 -0.0003056 -0.000417643 -0.000197174 -0.000121745 -0.000207152 -0.000346366 -7.07909e-05 -5.52253e-05 -0.00026223 -0.000197085 -0.00014651 -0.000161321 -0.000216501 -0.000196168 -0.00028039 -0.000108444 -0.00022595 -0.000158588 -0.000236643 -0.000130525 -1.21887e-05 -0.00023675 -5.17188e-05 -0.000400914 -0.000319723 -0.000120569 2.03431e-06 -0.00029295 -9.72432e-05 -0.000221939 -0.000224499 -0.000377569 -0.000160229 -0.000199518 -0.000290718 -0.000194802 -0.00016539 -0.000200104 -6.45127e-05 -0.000239243 -0.00047198 -5.22353e-05 -0.000286517 -0.000104131 -4.37502e-05 -6.10411e-05 -8.3375e-05 -0.000324746 -0.000173724 ]: ctxt_out Level: 36, LogPrecision: 13
Result Level: 36

Performance Analysis:
Execution time: 3873458 ms

Error Analysis:
Maximum error: 0.00141946 (log2: -9.46044)
Average error: 0.000560689 (log2: -10.8005)
Number of errors >= 0.01: 0
[       OK ] KWaySortTestFixture/4.SortTest (3895209 ms)
[----------] 1 test from KWaySortTestFixture/4 (3895209 ms total)

[----------] Global test environment tear-down
[==========] 5 tests from 5 test suites ran. (8567310 ms total)
[  PASSED  ] 5 tests.
