Input array size: 729
Using Ring Dimension: 131072
Multiplicative depth: 40
Scaling Mod: 59
 == stage 0 == 
3 6 0 0 0
Level 5
 == End stage 0 == 
 == stage 1 == 
3 6 0 1 0
Level 5
 == End stage 1 == 
 == stage 2 == 
3 6 1 0 1
Level 5
 == End stage 2 == 
 == stage 3 == 
3 6 1 0 2
Level 5
 == End stage 3 == 
 == stage 4 == 
3 6 0 2 0
Level 5
 == End stage 4 == 
 == stage 5 == 
3 6 1 1 1
Level 5
 == End stage 5 == 
 == stage 6 == 
3 6 1 1 2
Level 5
 == End stage 6 == 
 == stage 7 == 
3 6 2 0 1
Level 5
 == End stage 7 == 
 == stage 8 == 
3 6 2 0 2
Level 5
 == End stage 8 == 
 == stage 9 == 
3 6 0 3 0
Level 5
 == End stage 9 == 
 == stage 10 == 
3 6 1 2 1
Level 5
 == End stage 10 == 
 == stage 11 == 
3 6 1 2 2
Level 5
 == End stage 11 == 
 == stage 12 == 
3 6 2 1 1
Level 5
 == End stage 12 == 
 == stage 13 == 
3 6 2 1 2
Level 5
 == End stage 13 == 
 == stage 14 == 
3 6 3 0 1
Level 5
 == End stage 14 == 
 == stage 15 == 
3 6 3 0 2
Level 5
 == End stage 15 == 
 == stage 16 == 
3 6 0 4 0
Level 5
 == End stage 16 == 
 == stage 17 == 
3 6 1 3 1
Level 5
 == End stage 17 == 
 == stage 18 == 
3 6 1 3 2
Level 5
 == End stage 18 == 
 == stage 19 == 
3 6 2 2 1
Level 5
 == End stage 19 == 
 == stage 20 == 
3 6 2 2 2
Level 5
 == End stage 20 == 
 == stage 21 == 
3 6 3 1 1
Level 5
 == End stage 21 == 
 == stage 22 == 
3 6 3 1 2
Level 5
 == End stage 22 == 
 == stage 23 == 
3 6 4 0 1
Level 5
 == End stage 23 == 
 == stage 24 == 
3 6 4 0 2
Level 5
 == End stage 24 == 
 == stage 25 == 
3 6 0 5 0
Level 5
 == End stage 25 == 
 == stage 26 == 
3 6 1 4 1
Level 5
 == End stage 26 == 
 == stage 27 == 
3 6 1 4 2
Level 5
 == End stage 27 == 
 == stage 28 == 
3 6 2 3 1
Level 5
 == End stage 28 == 
 == stage 29 == 
3 6 2 3 2
Level 5
 == End stage 29 == 
 == stage 30 == 
3 6 3 2 1
Level 5
 == End stage 30 == 
 == stage 31 == 
3 6 3 2 2
Level 5
 == End stage 31 == 
 == stage 32 == 
3 6 4 1 1
Level 5
 == End stage 32 == 
 == stage 33 == 
3 6 4 1 2
Level 5
 == End stage 33 == 
 == stage 34 == 
3 6 5 0 1
Level 5
 == End stage 34 == 
 == stage 35 == 
3 6 5 0 2
Level 5
 == End stage 35 == 
Level of output: 36
[ -0.000458356 0.000733522 0.00218175 0.00341697 0.00476755 0.00586498 0.00777869 0.0088868 0.0103223 0.0117229 0.0132628 0.0147611 0.0160435 0.017302 0.0188664 0.0201884 0.0212128 0.0229266 0.0241283 0.0255479 0.0271704 0.0281635 0.0296945 0.0312578 0.0325187 0.033531 0.0349942 0.0367303 0.0378064 0.0394086 0.0405714 0.0420449 0.0436999 0.0444104 0.0460664 0.0476197 0.0490053 0.0502515 0.0515624 0.0531977 0.054251 0.0558181 0.0571205 0.0585396 0.0597174 0.0612873 0.0625087 0.0638978 0.0654494 0.0664007 0.0680851 0.0691982 0.0708487 0.0719823 0.0736353 0.0747647 0.0763724 0.0775209 0.0790084 0.080181 0.0815388 0.0833448 0.0842397 0.0858071 0.0872485 0.0887442 0.0897543 0.0914231 0.0926479 0.0942089 0.0954063 0.0969333 0.0979688 0.0994637 0.100912 0.102387 0.103697 0.104919 0.106448 0.107814 0.10926 0.110535 0.111845 0.113333 0.114981 0.116139 0.117327 0.118853 0.120265 0.121415 0.122969 0.124059 0.12537 0.127405 0.128271 0.129795 0.131217 0.132571 0.133993 0.135548 0.136086 0.138035 0.139211 0.140654 0.142458 0.143564 0.145095 0.146014 0.147427 0.149052 0.15069 0.15159 0.153018 0.154347 0.155637 0.156981 0.158822 0.159841 0.161327 0.162701 0.163968 0.165281 0.166972 0.168342 0.169456 0.17112 0.172357 0.173895 0.175114 0.176183 0.178104 0.179394 0.180531 0.182048 0.183336 0.184589 0.186025 0.187205 0.188571 0.190109 0.191445 0.192889 0.194374 0.195659 0.197119 0.198571 0.199605 0.201204 0.202249 0.204026 0.205081 0.206651 0.207965 0.209253 0.210838 0.212169 0.213533 0.214843 0.216394 0.217219 0.218827 0.220041 0.221503 0.222816 0.224501 0.225969 0.226985 0.228654 0.230009 0.231223 0.232626 0.234236 0.235348 0.236693 0.238071 0.239365 0.240565 0.242419 0.243719 0.244739 0.24678 0.247669 0.248942 0.250684 0.25194 0.253185 0.254355 0.255924 0.257221 0.258355 0.260005 0.261557 0.26281 0.264093 0.265787 0.266848 0.268267 0.269758 0.270921 0.272554 0.273642 0.27534 0.276509 0.277798 0.279352 0.28055 0.282139 0.283337 0.284741 0.286058 0.287363 0.288838 0.290249 0.291467 0.293186 0.294223 0.295694 0.297089 0.298466 0.2997 0.30145 0.302524 0.303939 0.305263 0.306939 0.308149 0.309165 0.310766 0.312172 0.313351 0.315062 0.316252 0.317657 0.318779 0.320309 0.322351 0.322867 0.324436 0.325681 0.327187 0.328663 0.330151 0.331482 0.332778 0.334146 0.335245 0.33737 0.337972 0.339795 0.341054 0.342173 0.344053 0.345131 0.346651 0.348252 0.34934 0.350399 0.352129 0.353685 0.35481 0.356157 0.357495 0.358842 0.360434 0.361583 0.362981 0.364521 0.365437 0.367214 0.368522 0.369649 0.371644 0.372731 0.374175 0.375174 0.376632 0.378268 0.379418 0.380845 0.381846 0.383866 0.384631 0.38657 0.387629 0.388925 0.390381 0.391949 0.393159 0.394374 0.395994 0.397566 0.398439 0.400284 0.401256 0.402817 0.4042 0.40551 0.407049 0.408413 0.409405 0.410843 0.412706 0.413596 0.415026 0.416567 0.417858 0.418988 0.420554 0.421775 0.423068 0.424908 0.426075 0.427468 0.428872 0.429804 0.431625 0.432775 0.434248 0.435569 0.436909 0.438783 0.439836 0.441143 0.442457 0.443594 0.445136 0.446639 0.447822 0.449386 0.450706 0.452093 0.453427 0.454818 0.456388 0.45732 0.458943 0.460504 0.461733 0.463075 0.464537 0.465766 0.467382 0.468177 0.46976 0.471156 0.472639 0.474238 0.47539 0.476584 0.477724 0.479675 0.480758 0.482536 0.483342 0.485181 0.486121 0.487767 0.489118 0.49069 0.491869 0.49311 0.494698 0.495762 0.497511 0.498718 0.500094 0.501659 0.502929 0.504273 0.505327 0.507178 0.508157 0.509641 0.511074 0.51244 0.513687 0.515264 0.51673 0.517883 0.519315 0.520732 0.522029 0.523244 0.524908 0.52627 0.527426 0.528853 0.530233 0.531886 0.533115 0.534444 0.535672 0.537264 0.538568 0.53997 0.541501 0.542637 0.54388 0.545402 0.546565 0.548236 0.549343 0.550756 0.552294 0.553539 0.555028 0.556518 0.557563 0.559274 0.560243 0.562324 0.562635 0.564579 0.565922 0.567178 0.568815 0.57007 0.571523 0.572818 0.574082 0.57529 0.576908 0.57803 0.579884 0.58112 0.582212 0.583734 0.585244 0.586492 0.588313 0.58925 0.590762 0.592289 0.593311 0.594631 0.596134 0.597695 0.598686 0.600094 0.601905 0.60318 0.604106 0.605798 0.607073 0.608684 0.60961 0.611438 0.612324 0.613747 0.615305 0.616798 0.618362 0.619321 0.620877 0.622216 0.623515 0.624877 0.626337 0.62803 0.629245 0.630652 0.631716 0.633035 0.634434 0.63637 0.63735 0.638626 0.639759 0.641563 0.642731 0.644375 0.645467 0.647156 0.648134 0.649448 0.651016 0.65244 0.653995 0.655045 0.656521 0.657529 0.659026 0.66088 0.662204 0.663099 0.665107 0.665804 0.667568 0.668849 0.670145 0.671547 0.672846 0.674348 0.675454 0.677185 0.678392 0.679861 0.681121 0.682392 0.684034 0.685353 0.687009 0.687676 0.689278 0.69074 0.691968 0.69339 0.695014 0.696209 0.697746 0.699146 0.700379 0.702061 0.702885 0.704859 0.706248 0.706826 0.708502 0.710095 0.71128 0.712664 0.714372 0.71536 0.717042 0.718079 0.719404 0.720819 0.722669 0.723618 0.725103 0.726456 0.727877 0.729234 0.730562 0.731892 0.733432 0.734655 0.736179 0.737633 0.738995 0.739932 0.741415 0.742979 0.744103 0.745523 0.746956 0.748263 0.749984 0.751086 0.752724 0.754129 0.755345 0.75679 0.758099 0.759294 0.760756 0.762146 0.763559 0.764826 0.766335 0.767505 0.768786 0.770306 0.771728 0.773186 0.774485 0.775605 0.77714 0.778351 0.779965 0.781417 0.78279 0.783977 0.785392 0.786944 0.788241 0.790002 0.790434 0.792563 0.79394 0.794824 0.796039 0.798021 0.799093 0.800513 0.801929 0.803134 0.804543 0.806129 0.807399 0.808916 0.809977 0.811645 0.812744 0.814469 0.815686 0.817215 0.818102 0.819681 0.821046 0.822485 0.823844 0.8249 0.82675 0.828111 0.829197 0.830742 0.832396 0.832892 0.834832 0.836392 0.837333 0.838971 0.840256 0.841634 0.842851 0.844714 0.845613 0.847296 0.848916 0.849498 0.8517 0.852435 0.854196 0.855192 0.856932 0.858081 0.859752 0.860613 0.862125 0.863887 0.864737 0.866177 0.86789 0.869092 0.870782 0.87165 0.87349 0.874739 0.876004 0.877711 0.878596 0.880078 0.881499 0.882747 0.884374 0.885598 0.886921 0.888461 0.88968 0.891049 0.892336 0.894139 0.894982 0.896492 0.898047 0.899444 0.900361 0.902034 0.903388 0.904604 0.906029 0.907526 0.908748 0.910472 0.911244 0.912987 0.914434 0.915857 0.917112 0.918894 0.919684 0.921444 0.922646 0.92402 0.925195 0.926818 0.928371 0.92994 0.930266 0.932319 0.933845 0.934963 0.93622 0.937823 0.938948 0.940442 0.941793 0.943169 0.944698 0.946126 0.94731 0.948582 0.949749 0.951466 0.952974 0.953979 0.955634 0.957027 0.958086 0.959489 0.961071 0.962738 0.963471 0.965235 0.966262 0.96786 0.969289 0.970575 0.972059 0.97323 0.974775 0.976116 0.977546 0.978838 0.980343 0.981656 0.982763 0.984487 0.98584 0.987137 0.98791 0.990023 0.990988 0.992743 0.993944 0.995552 0.996825 0.998008 -4.76088e-06 -0.000292907 -0.000171747 -0.000159651 -0.000201384 -0.000120534 8.00281e-05 -0.000173764 -0.000323211 -0.000118536 -0.000303426 -0.000267523 -0.000351245 -0.000294597 -0.000118157 -0.000141046 -0.000172884 6.11552e-05 -0.0002739 8.49791e-06 -0.00012707 -3.40941e-05 -8.93332e-05 -0.000100285 -0.000285957 -4.681e-05 -0.000237957 -0.000226948 -0.00030468 5.94632e-05 -0.000306639 -0.000218328 -0.000237584 -0.000201059 -0.000422955 -0.000212303 -0.000271027 -9.77664e-05 -0.000259628 -0.000131226 -0.000358993 -0.000328848 -0.000434143 -0.00020138 -0.000110745 -0.000295809 -1.71409e-05 -0.000221943 2.15747e-05 -0.000197074 -0.000331678 -0.000119506 -0.000322891 -0.000336192 -0.000241821 -4.73887e-05 -0.000193081 -8.76918e-05 -0.000190326 -0.000112525 -0.000182434 -0.00021069 -0.000189956 -0.000255153 -0.000388905 -0.000139813 -0.000158178 -0.000187418 -0.000181443 -0.000198857 -0.000158408 -0.000337682 -0.000194911 -0.000431084 -0.000138872 -0.000147562 -5.68732e-05 -0.000236265 -0.000259955 -0.000191098 -2.78059e-05 -0.000433049 -0.000174444 4.8008e-05 -0.000204523 -0.000249312 -0.000199461 -0.000181713 -9.80408e-05 -0.000251766 -2.36917e-05 -0.000341514 -0.000260008 -0.000183742 -0.000173263 -0.000242734 -0.000478174 -0.000420207 -7.55162e-05 -0.000210889 -0.000202802 -0.000171343 -0.000189573 -0.000148436 4.52357e-05 -0.000219374 -0.00054312 -0.000111763 -7.10172e-05 -0.000265386 -2.3381e-06 3.50204e-05 -0.000153645 -0.000146287 -8.8325e-05 -0.000352357 -0.000148535 -0.000189363 -7.17983e-05 -0.000184133 -8.97011e-05 -7.04673e-05 -7.51492e-05 -6.48846e-06 7.43752e-05 -0.000272193 -0.000268647 -0.000193074 -0.000256203 -3.59059e-05 -8.27529e-05 -0.000111642 -0.000206249 -0.00012961 -1.36189e-05 -0.000108459 -0.000214907 -0.000195968 -1.51234e-06 -0.000115349 -5.22636e-05 -0.000325199 -0.000175549 -5.21884e-05 -3.42833e-05 -0.00037018 -0.000109228 -0.000122263 -9.08773e-05 -0.000165827 -0.000130576 -0.00019365 2.91729e-05 -0.000114425 -1.73718e-05 -0.000292037 -0.000153478 -0.000105773 -0.000257429 -6.02639e-05 -0.000157318 -0.000193099 -0.000260192 -7.17814e-05 -0.000332623 -0.000151087 -9.3606e-05 -8.58891e-05 -0.00020633 -6.42653e-05 -0.000102343 -0.000234902 -0.000189881 -9.84467e-05 -4.50189e-05 -9.1989e-05 -0.000167926 3.62607e-05 -0.000158362 -0.000377872 -0.000530077 -0.000195026 -0.000167749 -0.000308407 -0.00039927 -0.00012226 -0.000128628 -0.000122802 -0.000250795 -0.000134503 -0.00019995 -0.000138259 -0.000345102 -7.71903e-05 -7.1762e-05 -0.000195349 -0.000184204 -0.000347147 -0.000125502 -0.000113951 -6.28983e-05 -0.000179602 -0.000201989 -8.12617e-05 -0.000199592 -0.00012062 -0.000289772 -0.000229228 -0.000119134 -0.000167966 -0.000280632 -5.13089e-05 -0.000268123 -0.000362586 1.65907e-06 -0.000329421 -0.000223707 -0.000275501 -0.000100034 -0.000313951 -0.000382339 -0.000318947 -3.08163e-05 -0.000260838 -0.000381277 -0.000115959 3.93651e-05 -2.86334e-05 -0.000282556 -7.32659e-05 -0.000116357 -0.000267961 -7.0244e-05 -0.000229835 -0.000144537 -0.000352266 -0.000112066 -7.28626e-05 -0.000335647 -0.00020775 -0.000154284 -0.000262576 -0.000129735 -0.00023682 -0.000181916 -0.000128867 -0.000102267 -9.25101e-05 -0.000257646 -0.00018421 -0.000192968 2.21679e-05 -0.000303168 -0.000446566 -0.000292475 -0.000341148 -0.000260925 -0.000243605 -0.000273346 -0.00028842 -0.000237702 -0.000324734 -0.000197994 8.82083e-07 -0.000328204 -0.000199234 -0.000255464 -3.59568e-05 -0.0001475 -0.000113235 -1.07354e-05 -0.00027134 -0.000338855 -0.000318979 -0.000209556 -0.00012113 -4.18917e-05 -0.000350605 -8.94997e-05 -0.000188352 -0.000144922 -0.000322965 -0.000137664 -7.95103e-05 -0.000209361 -0.000156868 -0.000199021 -0.000342304 -0.000420855 -0.00034983 -0.000168846 -0.000226313 -0.000359112 -0.000257031 -0.00025774 ]: ctxt_out Level: 36, LogPrecision: 13
Result Level: 36

Performance Analysis:
Execution time: 3786366 ms

Error Analysis:
Maximum error: 0.00110418 (log2: -9.82281)
Average error: 0.000549775 (log2: -10.8289)
Number of errors >= 0.01: 0
[       OK ] KWaySortTestFixture/4.SortTest (3808684 ms)
[----------] 1 test from KWaySortTestFixture/4 (3808684 ms total)

[----------] Global test environment tear-down
[==========] 5 tests from 5 test suites ran. (8405174 ms total)
[  PASSED  ] 5 tests.
