Input array size: 64
Multiplicative depth: 29
Scaling Mod: 40
Sign Configuration: CompositeSign(3, 3, 2)
Final Level: 29
input:
[ 0.609375 0.75 0.578125 0.90625 0.09375 0.046875 0.921875 0.59375 0.3125 0.125 0.515625 0.734375 0.359375 0.140625 0.53125 0.234375 0.453125 0.703125 0.40625 0.96875 0.890625 0.328125 0.15625 0.078125 0.828125 0.640625 0.625 0.78125 0.015625 0.171875 0.84375 0.390625 0.46875 0.875 0.421875 0.6875 0.25 0.8125 0.5625 0.546875 0.03125 0.375 0.671875 0.0625 0.265625 0.859375 0.5 0.296875 0.765625 0.4375 0.203125 0.796875 0.21875 0.984375 0.953125 0.71875 0.34375 0.484375 0.109375 0.9375 0.1875 0.65625 0 0.28125 ]
output:
[ -7.96124e-07 0.0156245 0.0312504 0.0468693 0.0624999 0.0781233 0.0937496 0.109372 0.124997 0.140622 0.156249 0.171871 0.187499 0.203122 0.21875 0.234378 0.25 0.265627 0.281249 0.296874 0.312502 0.328126 0.343746 0.359372 0.375001 0.390627 0.406242 0.421876 0.4375 0.453118 0.468748 0.484373 0.500004 0.515628 0.531251 0.546877 0.562497 0.578126 0.593747 0.609372 0.624998 0.640627 0.656247 0.67187 0.687501 0.70313 0.71875 0.734373 0.750003 0.765625 0.781247 0.796878 0.812495 0.828128 0.843752 0.859371 0.875003 0.890619 0.906246 0.921874 0.937492 0.953127 0.96875 0.984378 ]

Performance Analysis:
Execution time: 35427 ms

Error Analysis:
Maximum error: 8.33129e-06 (log2: -16.873)
Average error: 2.48069e-06 (log2: -18.6208)
Number of errors larger than 0.01: 0
[       OK ] DirectSort/DirectSortTestFixture/4.SortTest (43003 ms)
[----------] 1 test from DirectSort/DirectSortTestFixture/4 (43003 ms total)

[----------] 1 test from DirectSort/DirectSortTestFixture/5, where TypeParam = std::integral_constant<unsigned long,128ul>
[ RUN      ] DirectSort/DirectSortTestFixture/5.SortTest
Using Ring Dimension: 131072
