Input array size: 256
Multiplicative depth: 34
Scaling Mod: 40
Sign Configuration: CompositeSign(3, 4, 2)
Final Level: 34
input:
[ 0.339844 0.246094 0.125 0.0390625 0.128906 0.386719 0.273438 0.726562 0.316406 0.191406 0.601562 0.417969 0.820312 0.902344 0.523438 0.292969 0.761719 0.539062 0.230469 0.664062 0.144531 0.996094 0.3125 0.792969 0.898438 0.332031 0.160156 0.980469 0.527344 0.25 0.296875 0.15625 0.0859375 0.699219 0.164062 0.652344 0.660156 0.253906 0.28125 0.96875 0.976562 0.636719 0.136719 0.140625 0.695312 0.5 0.503906 0.828125 0.179688 0.8125 0.515625 0.769531 0.304688 0.519531 0.46875 0.234375 0.640625 0.4375 0.613281 0.0703125 0.675781 0.988281 0.558594 0.0078125 0.0664062 0.542969 0.753906 0.683594 0.265625 0.851562 0.09375 0.941406 0.578125 0.648438 0.949219 0.410156 0.355469 0.335938 0.957031 0.433594 0.566406 0.078125 0.730469 0.0898438 0.882812 0.425781 0.921875 0.84375 0.65625 0.953125 0.429688 0.710938 0.445312 0.113281 0.863281 0.40625 0.886719 0.277344 0 0.121094 0.0742188 0.476562 0.847656 0.808594 0.214844 0.484375 0.964844 0.0976562 0.167969 0.0585938 0.394531 0.855469 0.789062 0.546875 0.367188 0.625 0.328125 0.824219 0.0507812 0.59375 0.71875 0.363281 0.78125 0.933594 0.597656 0.582031 0.621094 0.257812 0.460938 0.894531 0.929688 0.738281 0.207031 0.871094 0.742188 0.605469 0.324219 0.800781 0.308594 0.347656 0.875 0.839844 0.0234375 0.585938 0.320312 0.105469 0.109375 0.203125 0.0820312 0.195312 0.261719 0.00390625 0.148438 0.382812 0.667969 0.414062 0.371094 0.175781 0.507812 0.457031 0.289062 0.152344 0.679688 0.574219 0.878906 0.488281 0.589844 0.804688 0.796875 0.960938 0.222656 0.550781 0.914062 0.511719 0.777344 0.132812 0.632812 0.117188 0.0273438 0.242188 0.832031 0.359375 0.375 0.34375 0.75 0.238281 0.5625 0.835938 0.402344 0.910156 0.691406 0.671875 0.0429688 0.101562 0.867188 0.480469 0.464844 0.0546875 0.703125 0.945312 0.746094 0.917969 0.0117188 0.398438 0.1875 0.785156 0.816406 0.722656 0.351562 0.757812 0.21875 0.226562 0.0195312 0.773438 0.609375 0.925781 0.421875 0.03125 0.210938 0.0351562 0.9375 0.972656 0.628906 0.734375 0.0625 0.441406 0.765625 0.984375 0.644531 0.183594 0.449219 0.859375 0.453125 0.554688 0.714844 0.199219 0.300781 0.390625 0.6875 0.570312 0.617188 0.472656 0.015625 0.378906 0.992188 0.496094 0.046875 0.171875 0.53125 0.90625 0.535156 0.707031 0.890625 0.269531 0.492188 0.285156 ]
output:
[ 0.00026788 0.0036644 0.00799759 0.0116571 0.0154448 0.0194917 0.0234583 0.0273175 0.0312226 0.0351836 0.0390481 0.042941 0.0468738 0.0505971 0.0546709 0.0584978 0.062737 0.0663646 0.0704433 0.0743448 0.0783613 0.0820901 0.0858882 0.0897799 0.0937231 0.0976253 0.101703 0.105592 0.109281 0.11315 0.117259 0.121169 0.125048 0.128885 0.132925 0.13673 0.140598 0.144528 0.148484 0.152458 0.156344 0.160154 0.164097 0.167922 0.171926 0.175681 0.17968 0.183595 0.1876 0.191161 0.195497 0.199186 0.20321 0.20708 0.210983 0.215145 0.218738 0.222722 0.226448 0.230561 0.234511 0.238333 0.242344 0.246139 0.249846 0.253977 0.257837 0.261793 0.265713 0.269561 0.273488 0.277489 0.281438 0.285226 0.289096 0.293053 0.296962 0.301002 0.304817 0.308619 0.312496 0.316525 0.320292 0.324092 0.327969 0.331931 0.33628 0.339973 0.343658 0.347561 0.351525 0.355527 0.359418 0.363253 0.367235 0.370928 0.375165 0.378888 0.382759 0.386688 0.390692 0.394544 0.39825 0.402243 0.406302 0.410107 0.413878 0.417894 0.421939 0.425639 0.429664 0.43357 0.437583 0.441614 0.445502 0.449121 0.453192 0.456814 0.460939 0.464637 0.468828 0.472667 0.476508 0.480218 0.484331 0.48822 0.492072 0.496185 0.500003 0.504067 0.507736 0.511695 0.515515 0.519438 0.523495 0.527087 0.53111 0.535134 0.539265 0.543261 0.546754 0.550765 0.554934 0.558822 0.562649 0.566499 0.570261 0.574317 0.578196 0.582175 0.586027 0.589728 0.593809 0.597962 0.601752 0.605095 0.609518 0.61318 0.617143 0.621115 0.624707 0.62888 0.632707 0.636886 0.640503 0.644711 0.648546 0.652465 0.656333 0.660088 0.66447 0.667617 0.672092 0.675591 0.67965 0.683664 0.687354 0.691285 0.695358 0.699227 0.70289 0.707086 0.710802 0.714791 0.718741 0.722513 0.726448 0.730318 0.734678 0.738563 0.742372 0.746018 0.750039 0.75399 0.757679 0.761941 0.765713 0.769468 0.773298 0.777457 0.781381 0.785145 0.789141 0.792899 0.797069 0.800743 0.804672 0.808775 0.812559 0.816063 0.819879 0.824311 0.828047 0.832212 0.83552 0.840174 0.843835 0.847823 0.852038 0.855564 0.859406 0.863344 0.867122 0.870944 0.8747 0.878912 0.883124 0.886961 0.89063 0.894431 0.898103 0.902296 0.906255 0.910103 0.914132 0.91837 0.922262 0.92555 0.929574 0.933668 0.938101 0.941581 0.945119 0.949021 0.953015 0.956916 0.961034 0.965003 0.968654 0.972629 0.976629 0.980768 0.984348 0.988494 0.992224 0.996067 ]

Performance Analysis:
Execution time: 77325 ms

Error Analysis:
Maximum error: 0.000600516 (log2: -10.7015)
Average error: 0.000117411 (log2: -13.0561)
Number of errors larger than 0.01: 0
[       OK ] DirectSort/DirectSortTestFixture/6.SortTest (88523 ms)
[----------] 1 test from DirectSort/DirectSortTestFixture/6 (88523 ms total)

[----------] 1 test from DirectSort/DirectSortTestFixture/7, where TypeParam = std::integral_constant<unsigned long,512ul>
[ RUN      ] DirectSort/DirectSortTestFixture/7.SortTest
Using Ring Dimension: 131072
