Input array size: 128
Multiplicative depth: 30
Scaling Mod: 40
Sign Configuration: CompositeSign(3, 3, 2)
Final Level: 30
input:
[ 0.0546875 0.28125 0.242188 0.273438 0.179688 0.984375 0.40625 0.109375 0.671875 0.0234375 0.585938 0.734375 0.8125 0.507812 0.625 0.632812 0.132812 0.835938 0.578125 0.117188 0.5 0.21875 0.125 0.90625 0.421875 0.789062 0.351562 0.71875 0.476562 0.375 0.0859375 0 0.5625 0.875 0.429688 0.851562 0.015625 0.203125 0.804688 0.0703125 0.554688 0.882812 0.148438 0.515625 0.3125 0.617188 0.335938 0.234375 0.867188 0.1875 0.828125 0.53125 0.6875 0.328125 0.546875 0.390625 0.742188 0.679688 0.921875 0.046875 0.492188 0.523438 0.296875 0.601562 0.640625 0.382812 0.25 0.820312 0.796875 0.648438 0.726562 0.03125 0.84375 0.265625 0.945312 0.539062 0.210938 0.65625 0.484375 0.703125 0.96875 0.914062 0.59375 0.09375 0.320312 0.414062 0.453125 0.710938 0.773438 0.859375 0.46875 0.164062 0.101562 0.960938 0.664062 0.171875 0.757812 0.195312 0.257812 0.898438 0.359375 0.34375 0.953125 0.75 0.460938 0.4375 0.929688 0.0390625 0.445312 0.570312 0.695312 0.0078125 0.15625 0.976562 0.78125 0.367188 0.890625 0.398438 0.289062 0.140625 0.226562 0.304688 0.609375 0.0625 0.765625 0.078125 0.9375 0.992188 ]
output:
[ -2.69138e-05 0.00781491 0.0156225 0.0234327 0.0312457 0.0390675 0.0468755 0.0546884 0.0624976 0.0703145 0.0781165 0.0859363 0.093745 0.101566 0.109381 0.117194 0.125011 0.132813 0.140626 0.148441 0.156247 0.164065 0.17187 0.179686 0.187502 0.195311 0.20312 0.210941 0.218748 0.22657 0.234378 0.242174 0.250003 0.257804 0.26562 0.273438 0.281249 0.289052 0.296874 0.304705 0.312488 0.320305 0.328127 0.335935 0.34374 0.351563 0.359378 0.367188 0.374994 0.382794 0.390628 0.398436 0.406248 0.414061 0.421883 0.42969 0.437508 0.445322 0.453124 0.460962 0.468742 0.476566 0.484371 0.492194 0.500005 0.507806 0.515635 0.523442 0.531245 0.539052 0.546888 0.55468 0.562516 0.57033 0.578119 0.585955 0.593726 0.601554 0.609363 0.617191 0.625005 0.632811 0.64061 0.648445 0.656245 0.664056 0.671868 0.679675 0.687504 0.695298 0.703122 0.710926 0.718761 0.726571 0.734383 0.742177 0.750012 0.757823 0.765616 0.773428 0.781259 0.789063 0.796864 0.804694 0.812507 0.820299 0.828135 0.835916 0.84375 0.851575 0.859372 0.867182 0.875007 0.882821 0.890613 0.898443 0.906259 0.914037 0.921866 0.929699 0.937514 0.945318 0.953128 0.960931 0.968762 0.976534 0.984399 0.992194 ]

Performance Analysis:
Execution time: 51638 ms

Error Analysis:
Maximum error: 2.86765e-05 (log2: -15.0898)
Average error: 7.55479e-06 (log2: -17.0142)
Number of errors larger than 0.01: 0
[       OK ] DirectSort/DirectSortTestFixture/5.SortTest (60152 ms)
[----------] 1 test from DirectSort/DirectSortTestFixture/5 (60153 ms total)

[----------] 1 test from DirectSort/DirectSortTestFixture/6, where TypeParam = std::integral_constant<unsigned long,256ul>
[ RUN      ] DirectSort/DirectSortTestFixture/6.SortTest
Using Ring Dimension: 131072
