Input array size: 256
Multiplicative depth: 34
Scaling Mod: 40
Sign Configuration: CompositeSign(3, 4, 2)
Final Level: 34
input:
[ 0.171875 0.167969 0.132812 0.394531 0.0898438 0.121094 0.617188 0.992188 0.847656 0.816406 0.402344 0.0429688 0.917969 0.0078125 0.421875 0.511719 0.960938 0.820312 0.722656 0.757812 0.621094 0.652344 0.351562 0.285156 0.679688 0.890625 0.0625 0.03125 0.382812 0.972656 0.695312 0.0859375 0.453125 0.144531 0.324219 0.804688 0.0742188 0.492188 0.933594 0.253906 0.746094 0.59375 0.738281 0.5 0.777344 0.929688 0.355469 0.414062 0.539062 0.667969 0.488281 0.0703125 0.871094 0.296875 0.9375 0.292969 0.367188 0.8125 0.328125 0.980469 0.882812 0.6875 0.808594 0.25 0.308594 0.898438 0.230469 0.238281 0.925781 0.730469 0.703125 0.5625 0.835938 0.179688 0.644531 0.636719 0.128906 0.0390625 0.851562 0.988281 0.214844 0.195312 0.0976562 0.535156 0.269531 0.40625 0.605469 0.00390625 0.828125 0.375 0.140625 0.554688 0.117188 0.0664062 0.4375 0.273438 0.300781 0.734375 0.449219 0.878906 0.710938 0.664062 0.257812 0.914062 0.246094 0.386719 0.625 0.371094 0.21875 0.15625 0.046875 0.304688 0.339844 0.234375 0.996094 0.515625 0.671875 0.75 0.0234375 0.429688 0.105469 0.460938 0.503906 0.316406 0.113281 0.222656 0.320312 0.378906 0.480469 0.96875 0.0273438 0.507812 0.691406 0.425781 0.0195312 0.125 0.242188 0.613281 0.707031 0.335938 0.566406 0.542969 0.0585938 0.863281 0.632812 0.3125 0.191406 0.265625 0.445312 0.0546875 0.628906 0.675781 0.796875 0.570312 0.484375 0.0820312 0.207031 0.34375 0.523438 0.183594 0.226562 0.792969 0.839844 0.101562 0 0.0351562 0.417969 0.148438 0.457031 0.1875 0.152344 0.886719 0.785156 0.597656 0.726562 0.953125 0.824219 0.136719 0.363281 0.550781 0.578125 0.46875 0.640625 0.519531 0.773438 0.0117188 0.332031 0.527344 0.476562 0.582031 0.199219 0.261719 0.433594 0.964844 0.109375 0.957031 0.859375 0.210938 0.175781 0.855469 0.53125 0.800781 0.28125 0.910156 0.832031 0.609375 0.164062 0.410156 0.585938 0.945312 0.699219 0.949219 0.472656 0.546875 0.078125 0.441406 0.277344 0.589844 0.496094 0.941406 0.390625 0.789062 0.558594 0.574219 0.71875 0.921875 0.90625 0.648438 0.761719 0.601562 0.347656 0.875 0.902344 0.769531 0.894531 0.65625 0.714844 0.765625 0.464844 0.203125 0.015625 0.683594 0.976562 0.09375 0.78125 0.359375 0.289062 0.742188 0.0507812 0.398438 0.867188 0.660156 0.160156 0.753906 0.984375 0.84375 ]
output:
[ 4.03911e-05 0.00382614 0.00781858 0.0116334 0.0156545 0.0194364 0.0233775 0.0272684 0.0312447 0.0352266 0.0393101 0.0429374 0.0468695 0.0506951 0.054674 0.0585293 0.0623381 0.0665495 0.070328 0.0742044 0.0782957 0.0820011 0.0859945 0.0896936 0.0938138 0.0977539 0.101678 0.105369 0.1093 0.113343 0.117327 0.121278 0.125004 0.128838 0.133049 0.136795 0.140536 0.144619 0.14837 0.152458 0.156116 0.159963 0.163824 0.168018 0.171735 0.175694 0.179716 0.183613 0.187548 0.191278 0.195325 0.199106 0.202957 0.20709 0.211247 0.214867 0.218758 0.22279 0.226553 0.230394 0.234181 0.23831 0.242195 0.246061 0.250167 0.253826 0.257909 0.261624 0.26558 0.26953 0.273466 0.277255 0.281222 0.285013 0.289076 0.293118 0.296865 0.300923 0.304669 0.308621 0.312572 0.316571 0.320222 0.324272 0.328047 0.331954 0.335908 0.339783 0.343825 0.347512 0.351656 0.355512 0.359314 0.363229 0.367161 0.371039 0.375096 0.378892 0.382597 0.386508 0.390556 0.394784 0.398166 0.402443 0.406379 0.410235 0.414059 0.417797 0.421837 0.425864 0.429757 0.433485 0.437495 0.44135 0.445421 0.449272 0.453151 0.45682 0.461206 0.46481 0.468925 0.472644 0.476661 0.480549 0.484483 0.488363 0.492286 0.496283 0.499833 0.503932 0.507705 0.511914 0.515411 0.519709 0.523462 0.527329 0.531394 0.535025 0.539021 0.54304 0.546968 0.550667 0.554597 0.558502 0.562452 0.566363 0.570344 0.574146 0.578087 0.582054 0.586188 0.589733 0.594114 0.597707 0.601379 0.605331 0.609319 0.613179 0.617246 0.620997 0.62505 0.628877 0.632784 0.636731 0.640561 0.644503 0.648285 0.652568 0.656223 0.660152 0.663837 0.668075 0.671638 0.675873 0.67934 0.683599 0.68724 0.691919 0.695652 0.699102 0.703289 0.70692 0.710877 0.714806 0.718598 0.722418 0.726361 0.73049 0.734309 0.738098 0.742351 0.746287 0.750315 0.754015 0.758214 0.761666 0.765664 0.769575 0.773336 0.77746 0.78117 0.78513 0.78894 0.792886 0.796856 0.800565 0.804697 0.808771 0.813008 0.816467 0.820608 0.824492 0.828059 0.831937 0.835771 0.83972 0.843752 0.847886 0.851254 0.855659 0.858862 0.863475 0.867043 0.871296 0.875095 0.878655 0.882706 0.886433 0.890439 0.894559 0.898487 0.902334 0.906296 0.910139 0.913981 0.917953 0.921974 0.925505 0.929888 0.933875 0.937367 0.94094 0.94564 0.949377 0.95296 0.956906 0.961224 0.964788 0.96812 0.972786 0.976662 0.980434 0.984437 0.987945 0.991936 0.995991 ]

Performance Analysis:
Execution time: 79826 ms

Error Analysis:
Maximum error: 0.000629795 (log2: -10.6328)
Average error: 0.000116733 (log2: -13.0645)
Number of errors larger than 0.01: 0
[       OK ] DirectSort/DirectSortTestFixture/6.SortTest (90870 ms)
[----------] 1 test from DirectSort/DirectSortTestFixture/6 (90870 ms total)

[----------] 1 test from DirectSort/DirectSortTestFixture/7, where TypeParam = std::integral_constant<unsigned long,512ul>
[ RUN      ] DirectSort/DirectSortTestFixture/7.SortTest
Using Ring Dimension: 131072
