Input array size: 64
Multiplicative depth: 29
Scaling Mod: 40
Sign Configuration: CompositeSign(3, 3, 2)
Final Level: 29
input:
[ 0.359375 0.078125 0.453125 0.328125 0.4375 0.296875 0.859375 0.515625 0.109375 0 0.9375 0.65625 0.421875 0.140625 0.890625 0.765625 0.796875 0.546875 0.28125 0.25 0.09375 0.53125 0.484375 0.46875 0.046875 0.1875 0.984375 0.921875 0.6875 0.0625 0.609375 0.96875 0.90625 0.265625 0.203125 0.75 0.5625 0.640625 0.828125 0.34375 0.015625 0.40625 0.625 0.125 0.59375 0.875 0.21875 0.84375 0.234375 0.3125 0.703125 0.390625 0.71875 0.171875 0.375 0.671875 0.953125 0.03125 0.8125 0.578125 0.734375 0.15625 0.5 0.78125 ]
output:
[ -5.54201e-07 0.0156253 0.0312512 0.0468758 0.062505 0.0781254 0.0937492 0.109372 0.125001 0.140628 0.156247 0.171874 0.187499 0.203125 0.218749 0.23438 0.249999 0.265621 0.281246 0.296879 0.312496 0.328126 0.343755 0.359376 0.374996 0.390624 0.406251 0.421879 0.437498 0.453123 0.468751 0.484374 0.5 0.515623 0.531248 0.546875 0.562504 0.578124 0.593747 0.609381 0.625003 0.640619 0.656248 0.671874 0.687503 0.703122 0.718749 0.734377 0.750003 0.765626 0.781253 0.796879 0.812502 0.828127 0.843751 0.859375 0.874997 0.890628 0.906252 0.921875 0.937507 0.953112 0.968743 0.984369 ]

Performance Analysis:
Execution time: 35130 ms

Error Analysis:
Maximum error: 1.29668e-05 (log2: -16.2348)
Average error: 2.55593e-06 (log2: -18.5777)
Number of errors larger than 0.01: 0
[       OK ] DirectSort/DirectSortTestFixture/4.SortTest (42472 ms)
[----------] 1 test from DirectSort/DirectSortTestFixture/4 (42472 ms total)

[----------] 1 test from DirectSort/DirectSortTestFixture/5, where TypeParam = std::integral_constant<unsigned long,128ul>
[ RUN      ] DirectSort/DirectSortTestFixture/5.SortTest
Using Ring Dimension: 131072
