Input array size: 128
Multiplicative depth: 30
Scaling Mod: 40
Sign Configuration: CompositeSign(3, 3, 2)
Final Level: 30
input:
[ 0.34375 0.476562 0.375 0.882812 0.0078125 0.734375 0.867188 0.265625 0.46875 0.757812 0.5625 0.140625 0.242188 0.765625 0.789062 0.953125 0.109375 0.304688 0.0546875 0.382812 0.59375 0.453125 0 0.421875 0.78125 0.890625 0.046875 0.859375 0.828125 0.921875 0.210938 0.359375 0.25 0.726562 0.234375 0.4375 0.632812 0.179688 0.8125 0.226562 0.578125 0.367188 0.015625 0.640625 0.609375 0.390625 0.289062 0.554688 0.71875 0.03125 0.546875 0.742188 0.5 0.570312 0.0234375 0.851562 0.320312 0.328125 0.132812 0.523438 0.0859375 0.125 0.984375 0.3125 0.460938 0.101562 0.0390625 0.898438 0.515625 0.398438 0.929688 0.695312 0.84375 0.445312 0.992188 0.960938 0.414062 0.820312 0.945312 0.90625 0.585938 0.601562 0.164062 0.296875 0.773438 0.351562 0.65625 0.28125 0.078125 0.117188 0.914062 0.203125 0.671875 0.96875 0.539062 0.875 0.6875 0.257812 0.53125 0.335938 0.835938 0.507812 0.429688 0.1875 0.0625 0.703125 0.617188 0.484375 0.679688 0.148438 0.273438 0.492188 0.796875 0.625 0.40625 0.75 0.171875 0.804688 0.21875 0.976562 0.0703125 0.648438 0.664062 0.9375 0.15625 0.710938 0.09375 0.195312 ]
output:
[ -1.65031e-05 0.00782769 0.0156196 0.0234436 0.0312422 0.0390679 0.0468786 0.0546875 0.0624907 0.0703131 0.0781233 0.0859462 0.0937498 0.101561 0.109385 0.117186 0.124997 0.132818 0.140622 0.148451 0.156257 0.164074 0.171871 0.179693 0.187501 0.195314 0.203125 0.210942 0.218752 0.226566 0.234392 0.242191 0.249991 0.257813 0.265626 0.273435 0.281248 0.289056 0.29688 0.304688 0.312501 0.320312 0.328136 0.335948 0.343737 0.351575 0.35936 0.367177 0.375011 0.382811 0.39061 0.398439 0.406252 0.414052 0.421876 0.429681 0.437513 0.445308 0.453122 0.460938 0.46875 0.47655 0.484368 0.49217 0.500018 0.507796 0.515627 0.523433 0.531236 0.53907 0.546872 0.554695 0.562506 0.570303 0.57813 0.58594 0.593745 0.60156 0.609374 0.617199 0.624986 0.632793 0.640617 0.648435 0.656224 0.66408 0.671877 0.67967 0.6875 0.69531 0.703126 0.710929 0.718742 0.726564 0.734383 0.742187 0.749996 0.757827 0.765613 0.773431 0.781242 0.789073 0.79686 0.804675 0.812509 0.82031 0.828138 0.835943 0.84374 0.851569 0.859389 0.867181 0.875007 0.882817 0.890613 0.898423 0.906251 0.914073 0.921864 0.929685 0.937511 0.945319 0.953133 0.960935 0.968746 0.976572 0.984391 0.992168 ]

Performance Analysis:
Execution time: 51267 ms

Error Analysis:
Maximum error: 2.63036e-05 (log2: -15.2144)
Average error: 7.26575e-06 (log2: -17.0705)
Number of errors larger than 0.01: 0
[       OK ] DirectSort/DirectSortTestFixture/5.SortTest (59741 ms)
[----------] 1 test from DirectSort/DirectSortTestFixture/5 (59741 ms total)

[----------] 1 test from DirectSort/DirectSortTestFixture/6, where TypeParam = std::integral_constant<unsigned long,256ul>
[ RUN      ] DirectSort/DirectSortTestFixture/6.SortTest
Using Ring Dimension: 131072
