Input array size: 128
Multiplicative depth: 30
Scaling Mod: 40
Sign Configuration: CompositeSign(3, 3, 2)
Final Level: 30
input:
[ 0.59375 0.234375 0.617188 0.820312 0.117188 0.398438 0.1875 0.242188 0.609375 0.148438 0.046875 0.3125 0.0078125 0.882812 0.078125 0.976562 0.8125 0.875 0.523438 0.296875 0.414062 0.539062 0.195312 0.375 0.890625 0.359375 0.648438 0.726562 0.945312 0.25 0.101562 0.0625 0.804688 0.132812 0.96875 0.65625 0.757812 0.554688 0.460938 0.09375 0.710938 0.390625 0.15625 0.773438 0.515625 0.429688 0.03125 0.304688 0.78125 0.28125 0.351562 0.578125 0.484375 0.828125 0.164062 0.382812 0.203125 0.53125 0.921875 0.0546875 0.320312 0.75 0.40625 0.84375 0.289062 0.0703125 0.210938 0.171875 0.125 0.851562 0.914062 0.6875 0.492188 0.585938 0.226562 0.445312 0.796875 0.664062 0.4375 0.867188 0.21875 0.640625 0.5625 0.960938 0.992188 0.0859375 0.570312 0.734375 0.328125 0.953125 0.671875 0.015625 0.835938 0 0.695312 0.335938 0.34375 0.476562 0.140625 0.257812 0.265625 0.5 0.46875 0.367188 0.453125 0.625 0.929688 0.273438 0.421875 0.71875 0.984375 0.507812 0.601562 0.765625 0.546875 0.90625 0.789062 0.742188 0.703125 0.0390625 0.109375 0.0234375 0.179688 0.859375 0.679688 0.898438 0.9375 0.632812 ]
output:
[ -3.67238e-06 0.00781547 0.0156098 0.0234377 0.0312507 0.039066 0.0468699 0.0546817 0.0624959 0.0703094 0.0781294 0.0859407 0.0937632 0.101549 0.109373 0.117203 0.125002 0.132809 0.140629 0.148429 0.156238 0.164073 0.17188 0.179682 0.187512 0.195307 0.203123 0.210942 0.218764 0.226565 0.234372 0.242191 0.249991 0.25781 0.265621 0.273435 0.281248 0.289064 0.296885 0.304687 0.312504 0.320304 0.328121 0.335944 0.343752 0.351558 0.359386 0.367187 0.375004 0.382831 0.390618 0.398433 0.406247 0.414058 0.421875 0.429675 0.437514 0.445315 0.45314 0.460938 0.468757 0.476577 0.484373 0.492191 0.500001 0.50783 0.515614 0.523448 0.531242 0.539084 0.546875 0.554692 0.56249 0.570314 0.578117 0.585944 0.593752 0.601569 0.609371 0.617195 0.625004 0.6328 0.640634 0.648419 0.656254 0.664075 0.67188 0.679704 0.687494 0.695348 0.703129 0.710941 0.718762 0.726568 0.734369 0.74219 0.749991 0.757812 0.765621 0.773439 0.781245 0.789054 0.796856 0.804699 0.812518 0.82032 0.828112 0.835927 0.843757 0.851565 0.859375 0.867185 0.875004 0.882813 0.890637 0.898444 0.906237 0.914084 0.921875 0.929687 0.937516 0.945315 0.953111 0.960937 0.968756 0.976545 0.984392 0.992187 ]

Performance Analysis:
Execution time: 50985 ms

Error Analysis:
Maximum error: 3.55407e-05 (log2: -14.7802)
Average error: 7.07875e-06 (log2: -17.1081)
Number of errors larger than 0.01: 0
[       OK ] DirectSort/DirectSortTestFixture/5.SortTest (59409 ms)
[----------] 1 test from DirectSort/DirectSortTestFixture/5 (59409 ms total)

[----------] 1 test from DirectSort/DirectSortTestFixture/6, where TypeParam = std::integral_constant<unsigned long,256ul>
[ RUN      ] DirectSort/DirectSortTestFixture/6.SortTest
Using Ring Dimension: 131072
