Input array size: 256
Multiplicative depth: 34
Scaling Mod: 40
Sign Configuration: CompositeSign(3, 4, 2)
Final Level: 34
input:
[ 0.203125 0.914062 0.480469 0.582031 0.917969 0.855469 0.617188 0.0234375 0.109375 0.816406 0.964844 0.0078125 0.851562 0.382812 0.417969 0.0742188 0.0664062 0.722656 0.304688 0.949219 0.597656 0.425781 0.222656 0.40625 0.84375 0.730469 0.75 0.632812 0.859375 0.585938 0.457031 0.238281 0.449219 0.472656 0.746094 0.355469 0.683594 0.210938 0.980469 0.542969 0.691406 0.882812 0.152344 0.65625 0.015625 0.695312 0.375 0.703125 0.78125 0.539062 0.972656 0.835938 0.261719 0.398438 0.710938 0.453125 0.550781 0.519531 0.503906 0.433594 0.125 0.71875 0.316406 0.800781 0.308594 0.941406 0.898438 0.867188 0.773438 0.277344 0.296875 0.4375 0.808594 0.347656 0.925781 0.757812 0.421875 0.265625 0.992188 0.488281 0.00390625 0.636719 0.675781 0.410156 0.378906 0.21875 0 0.871094 0.789062 0.253906 0.753906 0.523438 0.996094 0.8125 0.589844 0.242188 0.554688 0.769531 0.128906 0.460938 0.140625 0.367188 0.464844 0.285156 0.328125 0.289062 0.558594 0.136719 0.847656 0.144531 0.765625 0.117188 0.28125 0.476562 0.195312 0.578125 0.3125 0.546875 0.0703125 0.171875 0.34375 0.339844 0.292969 0.429688 0.214844 0.535156 0.566406 0.164062 0.625 0.101562 0.15625 0.496094 0.105469 0.652344 0.648438 0.335938 0.0976562 0.777344 0.324219 0.96875 0.9375 0.0585938 0.5 0.25 0.402344 0.679688 0.921875 0.0546875 0.0507812 0.515625 0.300781 0.628906 0.175781 0.664062 0.09375 0.390625 0.933594 0.0820312 0.078125 0.199219 0.46875 0.988281 0.132812 0.613281 0.1875 0.269531 0.828125 0.207031 0.511719 0.644531 0.160156 0.359375 0.714844 0.804688 0.734375 0.832031 0.785156 0.386719 0.59375 0.574219 0.570312 0.738281 0.792969 0.507812 0.605469 0.191406 0.875 0.863281 0.660156 0.226562 0.246094 0.894531 0.363281 0.796875 0.726562 0.371094 0.886719 0.0195312 0.953125 0.761719 0.839844 0.230469 0.167969 0.957031 0.707031 0.0429688 0.0273438 0.441406 0.6875 0.273438 0.046875 0.234375 0.929688 0.121094 0.0351562 0.960938 0.53125 0.890625 0.0898438 0.945312 0.820312 0.0859375 0.414062 0.113281 0.0390625 0.90625 0.742188 0.5625 0.984375 0.878906 0.601562 0.332031 0.976562 0.699219 0.183594 0.148438 0.902344 0.0625 0.320312 0.257812 0.351562 0.640625 0.492188 0.667969 0.394531 0.671875 0.621094 0.484375 0.910156 0.527344 0.179688 0.03125 0.824219 0.609375 0.445312 0.0117188 ]
output:
[ -0.000117829 0.00388143 0.00781238 0.0118372 0.0156495 0.0195003 0.0234355 0.0272225 0.0313785 0.0352924 0.039192 0.0430982 0.0469414 0.0506334 0.0544974 0.0587001 0.0626594 0.066339 0.0704551 0.0740475 0.0781872 0.0821215 0.0860072 0.0896211 0.0938892 0.097629 0.101377 0.105611 0.109267 0.113441 0.11716 0.121123 0.125166 0.128811 0.132901 0.136614 0.14061 0.14452 0.148091 0.15244 0.155856 0.159922 0.164317 0.167839 0.171887 0.175785 0.179521 0.183636 0.187706 0.191552 0.195493 0.199311 0.202913 0.20706 0.21099 0.214782 0.218616 0.222654 0.226603 0.230411 0.234168 0.238347 0.24216 0.245937 0.249847 0.253791 0.25766 0.26147 0.265651 0.26944 0.273336 0.277486 0.281163 0.285181 0.289037 0.292973 0.296775 0.300724 0.30476 0.308817 0.312384 0.316382 0.32039 0.324333 0.328219 0.331886 0.335955 0.339818 0.343582 0.347734 0.351602 0.355537 0.359266 0.363437 0.367261 0.370982 0.375006 0.378881 0.38271 0.386741 0.390553 0.394629 0.398295 0.402361 0.406158 0.410163 0.414041 0.41807 0.421838 0.425807 0.429686 0.433791 0.437546 0.441451 0.445084 0.448905 0.453167 0.457156 0.460895 0.464673 0.468719 0.473019 0.476774 0.480392 0.484174 0.488215 0.492081 0.496024 0.49999 0.503948 0.507701 0.511802 0.515791 0.51929 0.523347 0.527456 0.531171 0.534966 0.539057 0.542828 0.547204 0.55085 0.554605 0.558458 0.562466 0.566485 0.570177 0.57424 0.578103 0.581977 0.586185 0.589759 0.593863 0.598006 0.601542 0.605574 0.609401 0.613093 0.61708 0.620983 0.624996 0.628812 0.632399 0.636542 0.640692 0.644425 0.648546 0.652291 0.656282 0.660412 0.664766 0.667999 0.671912 0.675828 0.679405 0.683665 0.687541 0.691356 0.695678 0.699075 0.703035 0.70698 0.710902 0.714698 0.718762 0.722583 0.726647 0.730433 0.734408 0.738183 0.742068 0.746095 0.750231 0.753805 0.757998 0.761574 0.765614 0.769485 0.773562 0.777398 0.781098 0.785372 0.789024 0.793196 0.79693 0.800789 0.804776 0.808735 0.812398 0.816427 0.8202 0.824126 0.828132 0.831661 0.835916 0.839814 0.84385 0.84765 0.851334 0.855172 0.859446 0.863346 0.867423 0.87123 0.874982 0.87867 0.882831 0.886928 0.890274 0.894284 0.898329 0.902179 0.906284 0.910346 0.913804 0.917882 0.921952 0.925886 0.929696 0.933493 0.937529 0.941331 0.94558 0.949913 0.952968 0.957067 0.96106 0.96466 0.968825 0.972559 0.976722 0.980491 0.984212 0.989186 0.992354 0.996225 ]

Performance Analysis:
Execution time: 78130 ms

Error Analysis:
Maximum error: 0.000904362 (log2: -10.1108)
Average error: 0.000116952 (log2: -13.0618)
Number of errors larger than 0.01: 0
[       OK ] DirectSort/DirectSortTestFixture/6.SortTest (89323 ms)
[----------] 1 test from DirectSort/DirectSortTestFixture/6 (89323 ms total)

[----------] 1 test from DirectSort/DirectSortTestFixture/7, where TypeParam = std::integral_constant<unsigned long,512ul>
[ RUN      ] DirectSort/DirectSortTestFixture/7.SortTest
Using Ring Dimension: 131072
