Input array size: 64
Multiplicative depth: 29
Scaling Mod: 40
Sign Configuration: CompositeSign(3, 3, 2)
Final Level: 29
input:
[ 0.5625 0.875 0.921875 0.40625 0.015625 0.84375 0.125 0.109375 0.625 0.828125 0.21875 0.765625 0 0.96875 0.25 0.65625 0.90625 0.75 0.640625 0.671875 0.703125 0.53125 0.265625 0.4375 0.46875 0.046875 0.515625 0.3125 0.5 0.953125 0.359375 0.28125 0.6875 0.578125 0.0625 0.078125 0.859375 0.390625 0.546875 0.984375 0.78125 0.203125 0.796875 0.296875 0.140625 0.03125 0.234375 0.15625 0.59375 0.34375 0.9375 0.734375 0.328125 0.375 0.609375 0.8125 0.09375 0.171875 0.1875 0.453125 0.71875 0.421875 0.890625 0.484375 ]
output:
[ 2.74126e-06 0.0156237 0.0312504 0.0468724 0.0624977 0.0781236 0.0937493 0.109377 0.125003 0.140627 0.156249 0.171879 0.1875 0.203123 0.21875 0.234375 0.249998 0.265623 0.281252 0.296877 0.312501 0.328123 0.343747 0.359374 0.374993 0.390624 0.406247 0.421879 0.437497 0.453125 0.468749 0.484375 0.499998 0.515623 0.531253 0.546873 0.562501 0.578131 0.593746 0.609376 0.625001 0.640619 0.656246 0.671872 0.687497 0.703125 0.718753 0.734375 0.750007 0.765628 0.781248 0.796871 0.812497 0.828122 0.843753 0.859381 0.875005 0.890621 0.906258 0.921872 0.937507 0.953125 0.968752 0.984375 ]

Performance Analysis:
Execution time: 36836 ms

Error Analysis:
Maximum error: 7.59678e-06 (log2: -17.0062)
Average error: 2.50157e-06 (log2: -18.6087)
Number of errors larger than 0.01: 0
[       OK ] DirectSort/DirectSortTestFixture/4.SortTest (44182 ms)
[----------] 1 test from DirectSort/DirectSortTestFixture/4 (44182 ms total)

[----------] 1 test from DirectSort/DirectSortTestFixture/5, where TypeParam = std::integral_constant<unsigned long,128ul>
[ RUN      ] DirectSort/DirectSortTestFixture/5.SortTest
Using Ring Dimension: 131072
