Input array size: 625
Using Ring Dimension: 131072
Multiplicative depth: 40
Scaling Mod: 59
 == stage 0 == 
5 4 0 0 0
Level 7
 == End stage 0 == 
 == stage 1 == 
5 4 0 1 0
Level 7
 == End stage 1 == 
 == stage 2 == 
5 4 1 0 1
Level 7
 == End stage 2 == 
 == stage 3 == 
5 4 1 0 2
Level 7
 == End stage 3 == 
 == stage 4 == 
5 4 1 0 3
Level 7
 == End stage 4 == 
 == stage 5 == 
5 4 0 2 0
Level 7
 == End stage 5 == 
 == stage 6 == 
5 4 1 1 1
Level 7
 == End stage 6 == 
 == stage 7 == 
5 4 1 1 2
Level 7
 == End stage 7 == 
 == stage 8 == 
5 4 1 1 3
Level 7
 == End stage 8 == 
 == stage 9 == 
5 4 2 0 1
Level 7
 == End stage 9 == 
 == stage 10 == 
5 4 2 0 2
Level 7
 == End stage 10 == 
 == stage 11 == 
5 4 2 0 3
Level 7
 == End stage 11 == 
 == stage 12 == 
5 4 0 3 0
Level 7
 == End stage 12 == 
 == stage 13 == 
5 4 1 2 1
Level 7
 == End stage 13 == 
 == stage 14 == 
5 4 1 2 2
Level 7
 == End stage 14 == 
 == stage 15 == 
5 4 1 2 3
Level 7
 == End stage 15 == 
 == stage 16 == 
5 4 2 1 1
Level 7
 == End stage 16 == 
 == stage 17 == 
5 4 2 1 2
Level 7
 == End stage 17 == 
 == stage 18 == 
5 4 2 1 3
Level 7
 == End stage 18 == 
 == stage 19 == 
5 4 3 0 1
Level 7
 == End stage 19 == 
 == stage 20 == 
5 4 3 0 2
Level 7
 == End stage 20 == 
 == stage 21 == 
5 4 3 0 3
Level 7
 == End stage 21 == 
Level of output: 28
[ -6.62185e-05 0.00143645 0.00286809 0.00477155 0.00633506 0.00792693 0.00945037 0.0111636 0.0125508 0.0142928 0.015895 0.0175715 0.0191355 0.0207631 0.022179 0.0237079 0.0254382 0.0271787 0.0288012 0.0301023 0.0320392 0.0335393 0.0349715 0.0366884 0.0383715 0.0397636 0.0413146 0.0430719 0.0445619 0.0461377 0.0478546 0.049497 0.0510304 0.0529116 0.0542944 0.0558265 0.0573218 0.0589429 0.0606834 0.0623227 0.0638075 0.065593 0.067153 0.0689565 0.07009 0.0718624 0.0733766 0.0749246 0.076728 0.0782815 0.0799819 0.0811746 0.0830839 0.0846667 0.0865099 0.0876836 0.0895228 0.0910659 0.0926746 0.0940921 0.0959878 0.0977198 0.0989182 0.100749 0.102182 0.104079 0.105578 0.107072 0.108526 0.110261 0.111813 0.113498 0.114748 0.11668 0.118355 0.119639 0.121457 0.123111 0.124585 0.126317 0.127602 0.129612 0.13105 0.132593 0.134204 0.135793 0.137538 0.138993 0.140681 0.142256 0.143832 0.145477 0.146972 0.148545 0.150196 0.151927 0.153384 0.155005 0.156896 0.158207 0.159871 0.161524 0.163037 0.164799 0.166243 0.167868 0.169533 0.170995 0.17257 0.174505 0.175728 0.177457 0.179207 0.180657 0.182405 0.183816 0.185509 0.187161 0.188689 0.190419 0.191897 0.193545 0.194826 0.19641 0.198385 0.199831 0.201356 0.203105 0.204661 0.206231 0.207936 0.209592 0.211081 0.212711 0.214232 0.215749 0.217413 0.218934 0.220688 0.222162 0.223902 0.225494 0.227061 0.228672 0.230366 0.231678 0.233498 0.234949 0.236774 0.238102 0.239928 0.241234 0.24306 0.244685 0.246395 0.24809 0.249294 0.251092 0.252648 0.254285 0.256065 0.257509 0.258964 0.260847 0.262345 0.263683 0.265434 0.267056 0.268434 0.270486 0.27149 0.273611 0.275053 0.276577 0.278321 0.27961 0.281508 0.283113 0.284818 0.286302 0.287909 0.289414 0.291175 0.292485 0.294236 0.295746 0.297239 0.299211 0.300823 0.302277 0.303831 0.305362 0.307214 0.30876 0.310275 0.31191 0.313465 0.315257 0.316497 0.318367 0.32 0.321305 0.322932 0.32469 0.326124 0.327895 0.329419 0.330844 0.332639 0.334175 0.336015 0.33747 0.339095 0.340567 0.342265 0.343873 0.345578 0.347109 0.348659 0.350125 0.351851 0.353471 0.354838 0.357072 0.358171 0.359755 0.361508 0.36294 0.364754 0.366102 0.367956 0.369433 0.37112 0.372585 0.374424 0.375848 0.377528 0.379189 0.380753 0.382352 0.383838 0.385427 0.386867 0.388848 0.390051 0.391875 0.393398 0.394933 0.396838 0.398051 0.399852 0.401507 0.403029 0.404759 0.406103 0.407828 0.409773 0.411059 0.412585 0.414277 0.416034 0.417174 0.419155 0.420485 0.422334 0.423693 0.425364 0.427142 0.428557 0.430282 0.431839 0.433417 0.435092 0.436537 0.438357 0.440406 0.440933 0.443173 0.444683 0.446264 0.447651 0.449404 0.451131 0.452519 0.454415 0.455843 0.457267 0.459117 0.460694 0.462281 0.463922 0.465437 0.46705 0.468699 0.470161 0.471974 0.473341 0.475087 0.476832 0.478091 0.480021 0.481404 0.48309 0.484675 0.48646 0.487868 0.48951 0.491059 0.49278 0.494212 0.495876 0.497389 0.499291 0.500616 0.502351 0.503946 0.505422 0.507132 0.508901 0.510172 0.5117 0.513437 0.515027 0.516823 0.518219 0.519729 0.521405 0.523026 0.524646 0.526515 0.527879 0.529628 0.530993 0.532698 0.534273 0.53584 0.53747 0.538929 0.540715 0.542084 0.543989 0.545398 0.546963 0.548922 0.550199 0.55186 0.553428 0.555026 0.556761 0.558306 0.559733 0.561667 0.563107 0.564618 0.566204 0.567902 0.569342 0.57111 0.572736 0.574295 0.57599 0.577416 0.579218 0.580534 0.582366 0.583833 0.585489 0.587035 0.588786 0.590265 0.591849 0.593563 0.595102 0.5967 0.598404 0.599815 0.601512 0.603025 0.604657 0.606247 0.607921 0.609252 0.611212 0.612683 0.614366 0.615769 0.617523 0.61919 0.620615 0.62227 0.623786 0.625402 0.627156 0.628683 0.630285 0.631879 0.633402 0.635053 0.636811 0.638279 0.639867 0.64149 0.643176 0.644693 0.646189 0.648025 0.649333 0.651054 0.652557 0.654193 0.65584 0.657179 0.658932 0.660598 0.662318 0.663731 0.665401 0.666982 0.668617 0.670207 0.671865 0.673306 0.675311 0.676456 0.678505 0.679851 0.681337 0.68325 0.684566 0.686253 0.687912 0.689714 0.690998 0.692618 0.694401 0.695741 0.697344 0.699136 0.700718 0.70226 0.703639 0.705589 0.70705 0.708545 0.710482 0.711913 0.713403 0.714928 0.716866 0.718211 0.71993 0.721582 0.722992 0.72466 0.726327 0.727776 0.729676 0.731086 0.732754 0.734253 0.735757 0.737594 0.73893 0.740722 0.742162 0.743679 0.745436 0.747128 0.748693 0.750478 0.751728 0.75377 0.754858 0.756582 0.758292 0.759823 0.761526 0.763137 0.764397 0.766262 0.767887 0.769581 0.770995 0.772686 0.774195 0.775964 0.777425 0.779035 0.78067 0.782322 0.78372 0.785644 0.787011 0.78876 0.790107 0.791985 0.793379 0.795056 0.796592 0.798044 0.799808 0.80153 0.803018 0.8046 0.806238 0.807858 0.809362 0.811015 0.81267 0.814088 0.815938 0.817404 0.819022 0.820717 0.8223 0.823675 0.825661 0.827012 0.828572 0.830412 0.831856 0.83369 0.835006 0.836736 0.838397 0.839879 0.841522 0.843019 0.844729 0.846453 0.847878 0.849287 0.851216 0.852651 0.854201 0.855789 0.857459 0.859036 0.860851 0.862204 0.863844 0.86546 0.867123 0.868584 0.870351 0.871862 0.87346 0.875038 0.876632 0.878241 0.879723 0.881378 0.883004 0.884554 0.886278 0.888105 0.889366 0.891163 0.892588 0.89426 0.895754 0.897502 0.89891 0.900734 0.902193 0.903914 0.905696 0.906892 0.90864 0.910356 0.911717 0.913555 0.915046 0.916694 0.918169 0.919919 0.921296 0.92299 0.92464 0.926136 0.92801 0.929464 0.931021 0.93267 0.934357 0.93583 0.937617 0.939069 0.940541 0.94236 0.943777 0.94564 0.946862 0.948746 0.950501 0.951756 0.953288 0.954969 0.956689 0.958177 0.959749 0.961448 0.963017 0.964782 0.966446 0.967781 0.969522 0.971228 0.972606 0.974389 0.975759 0.977788 0.978916 0.980624 0.982291 0.983956 0.985375 0.987165 0.988719 0.990272 0.99206 0.993353 0.995127 0.996585 0.998147 -3.19855e-05 1.91103e-05 -0.000157021 -3.51735e-05 -7.68227e-05 -0.000150462 -6.7899e-05 -0.000115722 -8.67578e-05 -9.26841e-05 -4.69339e-05 -8.23619e-05 -2.74595e-05 -0.000136593 -6.90513e-05 -9.54596e-05 -0.000190772 -1.80139e-06 -0.000115699 4.35831e-05 -2.75153e-05 -5.80549e-05 -0.000113425 -7.66883e-05 5.00644e-06 7.61749e-05 -0.000103641 -7.31933e-05 -0.000192633 -2.64608e-05 -0.00010507 -0.000142309 -0.00017641 -3.27561e-05 -4.2124e-05 -0.000196994 -2.52941e-05 -0.000100473 3.33054e-05 3.23701e-05 -8.66793e-05 8.82562e-06 -2.77906e-05 1.74821e-05 -5.65556e-05 -7.75895e-07 -7.45821e-05 -0.000160167 -4.06664e-05 -0.0001226 -3.41893e-05 -4.00186e-06 -3.59943e-05 -0.000157807 -8.02109e-05 -7.65486e-05 -5.57975e-05 -0.000188762 -0.000110225 7.35962e-05 2.77085e-05 -0.000169588 6.56045e-05 -0.000107646 -9.52665e-05 -0.000117133 -5.00833e-05 -0.000170942 -3.96655e-05 -8.23528e-05 -6.03053e-05 -0.000193602 -0.000164148 -0.000112434 -4.09672e-05 -5.68123e-05 -0.000158135 -0.00012852 -7.2228e-05 -0.000120404 -2.01479e-05 -7.89957e-05 -4.74786e-06 -4.45258e-05 3.60964e-05 -8.22228e-05 -1.17126e-05 -1.47147e-05 -0.000125639 -0.000151555 2.93635e-06 2.92138e-05 -9.61914e-05 1.48211e-05 -1.62675e-05 -7.72829e-05 -7.627e-05 -2.20143e-06 -8.10822e-05 -0.000120731 -3.38998e-05 2.61243e-05 -2.68451e-05 -6.05633e-05 -0.000232635 -0.000114315 1.16216e-05 -2.65867e-05 -8.54439e-05 -5.16324e-05 -2.68612e-05 -0.000105765 -0.000175811 -3.70811e-06 -0.000140125 -8.75577e-05 -0.000139828 -0.000215939 -7.39474e-05 -0.000120565 -6.90517e-05 1.97986e-05 2.93605e-05 2.75872e-06 -0.000180269 8.60383e-05 -0.000139796 -0.000111315 -0.000112623 -0.000108584 -9.13459e-05 -0.000361536 5.41334e-05 -0.000133889 -7.70307e-05 -6.81637e-05 -8.40851e-05 8.74707e-05 -4.46933e-05 9.86318e-06 -0.000156302 -0.000110297 -0.000139628 -0.000144371 -9.5556e-05 -8.21602e-05 -0.00012187 -1.51941e-05 3.50978e-05 -8.05773e-05 -5.3744e-05 6.5527e-05 -3.6222e-05 -0.000192746 -5.47047e-05 -5.29484e-05 -3.56921e-05 -8.11941e-05 -5.39507e-05 5.28263e-05 -0.00011118 2.67146e-05 -0.000122182 -2.70343e-05 -8.03709e-05 -0.000130263 -0.000105316 -0.000126794 -0.000149772 -9.68333e-05 -8.51649e-05 -1.34717e-06 -0.000107886 1.36784e-06 -4.92912e-05 3.10956e-05 -8.95493e-05 -2.5515e-05 -0.000136745 -5.26634e-05 -0.000237552 -9.19068e-05 1.73543e-05 1.32902e-05 1.85956e-06 -0.000191721 -7.3245e-05 -6.9211e-05 -0.000116414 -5.1176e-05 -0.000157404 -7.31647e-05 -1.98889e-05 2.08149e-05 3.53328e-05 -5.48212e-05 -0.000187824 -9.11985e-05 -0.000155726 -4.40127e-05 -0.0001009 -4.28309e-05 7.57185e-05 2.13273e-06 -0.0001344 4.02551e-05 -9.65102e-05 -0.000116775 0.00011612 4.27922e-06 -8.4402e-05 3.78373e-06 1.56446e-05 -5.96945e-05 -6.40585e-05 6.63283e-05 -1.7211e-05 7.64351e-05 -6.58679e-05 -0.000136487 2.04579e-06 -2.80054e-05 -0.000147829 -5.16496e-05 2.66564e-05 -0.000173977 -0.00019268 -0.000168784 -8.97599e-05 4.51158e-06 -0.000177825 6.06819e-05 -0.000122532 1.56183e-05 -5.40336e-05 -1.25995e-05 6.54428e-06 -0.000158311 -0.000159116 -0.00015943 -9.63362e-05 -6.63894e-05 -0.00010688 -0.000152199 -5.25202e-05 -3.09522e-08 -0.000132846 -6.02505e-05 7.2392e-05 -0.000127032 -0.000232105 -6.6191e-05 -1.31176e-05 -4.0353e-05 -5.95755e-05 -9.52235e-05 -0.000155716 -0.00012784 -5.86874e-05 -0.000124629 -8.32617e-05 1.54375e-05 -6.03344e-05 2.27306e-05 -1.43289e-05 -6.86273e-05 -4.18373e-05 -7.76115e-05 -1.3183e-05 -6.1307e-05 -4.64779e-05 -0.000101436 -0.00013571 -0.000102982 -3.01719e-05 -0.000198098 -9.2744e-05 -1.78406e-05 -0.000139424 -0.000132856 6.1732e-05 -5.55225e-05 -9.39061e-05 -4.25505e-05 -0.000119105 1.90246e-05 -9.73367e-05 -1.35095e-05 -1.0002e-05 4.32926e-05 -0.00012925 -0.000196561 -0.000119665 -0.000116485 -3.45051e-05 1.76077e-05 -7.37518e-05 -0.0001327 -2.40857e-05 -0.000238153 -0.000100864 -5.21875e-05 9.20754e-05 -7.7483e-05 -7.063e-05 -0.000131282 4.33458e-05 -9.99065e-05 -0.000159079 -8.21651e-05 7.18054e-05 -6.79369e-05 -8.72175e-05 -0.00016391 -7.49323e-06 6.13754e-06 -0.00012995 -6.54919e-05 -9.47495e-05 -6.33436e-05 -7.0174e-05 8.4137e-05 -1.98198e-05 8.82986e-05 -3.12009e-05 -5.76866e-05 -0.000177948 -0.000159024 -3.35012e-05 -0.000125402 -7.75192e-05 -8.64265e-05 -0.000139288 8.4476e-06 -6.00194e-07 -4.53761e-05 -0.000127857 -0.000176085 -2.01571e-05 -0.000178557 -4.56234e-05 -0.000103469 -6.85223e-05 -9.48256e-05 -6.52796e-05 -0.000107275 -6.33951e-05 1.74191e-05 -5.33085e-06 -8.53213e-05 -7.50112e-05 -1.88806e-05 -0.000155737 -0.000214012 1.75767e-06 -8.63587e-05 -5.60289e-05 -0.000110936 -6.96012e-05 -0.000182138 -0.000101136 -0.000205519 -9.10754e-05 -5.85783e-05 -4.53511e-05 8.94768e-05 -0.000145276 -0.00019543 -0.000143094 -0.000252027 -8.54191e-05 -8.64019e-05 -7.58588e-05 -3.25165e-05 -0.000139971 -0.000108872 -7.86485e-05 -6.99605e-05 6.44466e-05 -9.94245e-05 -0.000113958 -2.82074e-05 -0.000158857 -0.000155556 -0.000184012 -7.61801e-05 -1.28076e-05 -8.87183e-05 -2.33304e-05 -2.70006e-05 -2.90462e-05 -0.000224091 9.91161e-06 0.00016196 -1.88842e-05 -7.84221e-05 -0.000184049 -4.98828e-05 -0.000152193 ]: ctxt_out Level: 28, LogPrecision: 13
Result Level: 28

Performance Analysis:
Execution time: 4512591 ms

Error Analysis:
Maximum error: 0.000514255 (log2: -10.9252)
Average error: 0.000150044 (log2: -12.7023)
Number of errors >= 0.01: 0
[       OK ] KWaySortTestFixture/2.SortTest (4534862 ms)
[----------] 1 test from KWaySortTestFixture/2 (4534862 ms total)

[----------] Global test environment tear-down
[==========] 3 tests from 3 test suites ran. (6984654 ms total)
[  PASSED  ] 3 tests.
