Input array size: 729
Using Ring Dimension: 131072
Multiplicative depth: 40
Scaling Mod: 59
 == stage 0 == 
3 6 0 0 0
Level 5
 == End stage 0 == 
 == stage 1 == 
3 6 0 1 0
Level 5
 == End stage 1 == 
 == stage 2 == 
3 6 1 0 1
Level 5
 == End stage 2 == 
 == stage 3 == 
3 6 1 0 2
Level 5
 == End stage 3 == 
 == stage 4 == 
3 6 0 2 0
Level 5
 == End stage 4 == 
 == stage 5 == 
3 6 1 1 1
Level 5
 == End stage 5 == 
 == stage 6 == 
3 6 1 1 2
Level 5
 == End stage 6 == 
 == stage 7 == 
3 6 2 0 1
Level 5
 == End stage 7 == 
 == stage 8 == 
3 6 2 0 2
Level 5
 == End stage 8 == 
 == stage 9 == 
3 6 0 3 0
Level 5
 == End stage 9 == 
 == stage 10 == 
3 6 1 2 1
Level 5
 == End stage 10 == 
 == stage 11 == 
3 6 1 2 2
Level 5
 == End stage 11 == 
 == stage 12 == 
3 6 2 1 1
Level 5
 == End stage 12 == 
 == stage 13 == 
3 6 2 1 2
Level 5
 == End stage 13 == 
 == stage 14 == 
3 6 3 0 1
Level 5
 == End stage 14 == 
 == stage 15 == 
3 6 3 0 2
Level 5
 == End stage 15 == 
 == stage 16 == 
3 6 0 4 0
Level 5
 == End stage 16 == 
 == stage 17 == 
3 6 1 3 1
Level 5
 == End stage 17 == 
 == stage 18 == 
3 6 1 3 2
Level 5
 == End stage 18 == 
 == stage 19 == 
3 6 2 2 1
Level 5
 == End stage 19 == 
 == stage 20 == 
3 6 2 2 2
Level 5
 == End stage 20 == 
 == stage 21 == 
3 6 3 1 1
Level 5
 == End stage 21 == 
 == stage 22 == 
3 6 3 1 2
Level 5
 == End stage 22 == 
 == stage 23 == 
3 6 4 0 1
Level 5
 == End stage 23 == 
 == stage 24 == 
3 6 4 0 2
Level 5
 == End stage 24 == 
 == stage 25 == 
3 6 0 5 0
Level 5
 == End stage 25 == 
 == stage 26 == 
3 6 1 4 1
Level 5
 == End stage 26 == 
 == stage 27 == 
3 6 1 4 2
Level 5
 == End stage 27 == 
 == stage 28 == 
3 6 2 3 1
Level 5
 == End stage 28 == 
 == stage 29 == 
3 6 2 3 2
Level 5
 == End stage 29 == 
 == stage 30 == 
3 6 3 2 1
Level 5
 == End stage 30 == 
 == stage 31 == 
3 6 3 2 2
Level 5
 == End stage 31 == 
 == stage 32 == 
3 6 4 1 1
Level 5
 == End stage 32 == 
 == stage 33 == 
3 6 4 1 2
Level 5
 == End stage 33 == 
 == stage 34 == 
3 6 5 0 1
Level 5
 == End stage 34 == 
 == stage 35 == 
3 6 5 0 2
Level 5
 == End stage 35 == 
Level of output: 36
[ -0.000330369 0.000904668 0.00222561 0.00348766 0.00491172 0.0062279 0.00791138 0.00859241 0.0102468 0.0119102 0.0131324 0.0146808 0.0159341 0.0171134 0.0186358 0.0200902 0.0217497 0.0226996 0.0240682 0.025634 0.0269392 0.0281342 0.0296872 0.031277 0.0321549 0.0334604 0.0351219 0.0363842 0.0376392 0.0393128 0.0405084 0.0420933 0.0435881 0.0442613 0.0459287 0.0476919 0.0487724 0.0501618 0.0515212 0.0528887 0.0545021 0.0554654 0.0571906 0.0586467 0.0593769 0.0612198 0.0624073 0.0639073 0.0654508 0.0667426 0.0676999 0.0696132 0.0705292 0.0725592 0.0732173 0.0749128 0.076329 0.0776097 0.0788167 0.0806111 0.0815537 0.0831683 0.084594 0.0857258 0.0872475 0.0885496 0.0900556 0.0915545 0.0929933 0.0936509 0.0954601 0.0968916 0.0980082 0.0997192 0.100941 0.102332 0.103402 0.105083 0.106406 0.107443 0.109388 0.110339 0.112248 0.113333 0.114826 0.116017 0.117731 0.11856 0.120425 0.121568 0.122608 0.124111 0.125625 0.127048 0.128486 0.12981 0.131557 0.132176 0.133906 0.135199 0.136508 0.138173 0.139446 0.140874 0.142082 0.143376 0.144882 0.146214 0.147822 0.148896 0.150226 0.15184 0.153106 0.154448 0.155818 0.15728 0.158607 0.159902 0.161121 0.162691 0.164023 0.165525 0.166923 0.168054 0.16953 0.170789 0.171993 0.173816 0.175 0.17611 0.177653 0.179247 0.180455 0.181972 0.183198 0.184759 0.185827 0.18739 0.188946 0.190024 0.191391 0.193 0.194357 0.19563 0.196924 0.198289 0.199607 0.200921 0.202722 0.203653 0.205377 0.206605 0.208073 0.209619 0.210283 0.21187 0.213375 0.214846 0.216336 0.217599 0.218984 0.220481 0.221337 0.223107 0.224572 0.225555 0.227086 0.228411 0.229888 0.231285 0.232507 0.234078 0.235567 0.236847 0.238129 0.239455 0.240638 0.242496 0.243404 0.244985 0.246533 0.247471 0.249016 0.250664 0.251864 0.253085 0.254768 0.256109 0.257296 0.258843 0.260223 0.261456 0.262705 0.264002 0.265374 0.267059 0.268405 0.269878 0.271079 0.272088 0.273801 0.275262 0.276593 0.277826 0.279148 0.281017 0.28156 0.283516 0.284763 0.286114 0.287264 0.288829 0.290456 0.291919 0.293016 0.293807 0.295849 0.297246 0.298919 0.299672 0.301396 0.302493 0.30372 0.30537 0.306638 0.307819 0.30973 0.31042 0.312199 0.313638 0.315033 0.316248 0.317657 0.319153 0.320161 0.321845 0.323296 0.324479 0.325937 0.327122 0.32859 0.330088 0.331141 0.332976 0.33415 0.33549 0.336777 0.338084 0.33945 0.340938 0.342207 0.343636 0.345245 0.346534 0.347956 0.348804 0.350517 0.351999 0.353712 0.354757 0.356236 0.357516 0.35884 0.360382 0.361597 0.362871 0.364365 0.36539 0.366928 0.368597 0.370228 0.370972 0.372669 0.37402 0.375424 0.376799 0.378103 0.379234 0.38077 0.382188 0.383577 0.385026 0.3861 0.388095 0.38864 0.390469 0.391563 0.393131 0.394387 0.395928 0.397254 0.398683 0.400118 0.401632 0.402876 0.403986 0.405717 0.406809 0.408111 0.409714 0.410873 0.411876 0.413955 0.414758 0.416412 0.417948 0.41909 0.42066 0.421501 0.423348 0.424918 0.425878 0.427214 0.42877 0.430304 0.431404 0.432948 0.434356 0.435405 0.437214 0.438544 0.439607 0.441026 0.442345 0.443799 0.445272 0.446582 0.447976 0.449141 0.45094 0.452117 0.453518 0.454995 0.456325 0.457838 0.458837 0.460605 0.461439 0.463081 0.464393 0.465636 0.467477 0.468457 0.469752 0.471369 0.472856 0.47412 0.475222 0.476478 0.477966 0.479527 0.480827 0.482224 0.483605 0.484712 0.486476 0.487943 0.488876 0.490899 0.492049 0.493167 0.494675 0.49595 0.49752 0.498353 0.500132 0.501477 0.502738 0.504153 0.505664 0.507109 0.508181 0.509695 0.511077 0.512746 0.513824 0.5158 0.516271 0.51815 0.51916 0.520648 0.522474 0.523064 0.524912 0.526117 0.527612 0.528971 0.530041 0.531562 0.533324 0.534342 0.535629 0.537255 0.538451 0.539924 0.541115 0.542702 0.543886 0.545526 0.546788 0.547945 0.549429 0.550982 0.551811 0.553732 0.554977 0.556384 0.557887 0.559068 0.560632 0.561789 0.563023 0.564697 0.565905 0.567515 0.568772 0.570383 0.571053 0.572897 0.574271 0.575336 0.576768 0.578525 0.579672 0.580992 0.582362 0.583604 0.585059 0.586638 0.587588 0.58965 0.590597 0.591922 0.593404 0.59456 0.595987 0.597561 0.598777 0.600625 0.60163 0.60298 0.604079 0.605868 0.607134 0.608458 0.609714 0.611278 0.612884 0.61391 0.615355 0.616679 0.617909 0.619925 0.620441 0.622632 0.623214 0.625092 0.626282 0.62822 0.628692 0.630373 0.631795 0.633443 0.63443 0.636058 0.637139 0.638522 0.639902 0.641197 0.642751 0.644328 0.645389 0.646993 0.648206 0.649786 0.650951 0.652532 0.653882 0.655049 0.656346 0.657972 0.659195 0.660548 0.66177 0.663424 0.664804 0.666207 0.667512 0.66901 0.669901 0.671672 0.672672 0.674244 0.675825 0.676758 0.678553 0.679771 0.681152 0.682508 0.684003 0.685199 0.686838 0.688206 0.689288 0.690687 0.692243 0.693366 0.69516 0.696368 0.697546 0.698959 0.700586 0.701755 0.703105 0.704476 0.705969 0.707309 0.708621 0.710301 0.711299 0.71281 0.714132 0.715704 0.716502 0.718297 0.719323 0.720727 0.722029 0.723785 0.725005 0.72648 0.727615 0.729141 0.730876 0.731643 0.733406 0.734722 0.736168 0.737262 0.738582 0.740397 0.741233 0.743075 0.744382 0.745606 0.747096 0.748451 0.749841 0.751616 0.752101 0.754052 0.755218 0.756675 0.757891 0.75938 0.760723 0.762288 0.763467 0.764885 0.766395 0.767405 0.76903 0.77022 0.771826 0.772847 0.774455 0.775891 0.777146 0.778401 0.779862 0.781309 0.782861 0.783797 0.785352 0.786606 0.788424 0.789401 0.790671 0.792814 0.793449 0.795091 0.796436 0.797716 0.799347 0.800503 0.802038 0.803533 0.804611 0.805976 0.807457 0.808974 0.810052 0.811619 0.812835 0.81441 0.815679 0.816916 0.818466 0.819941 0.821078 0.822637 0.823743 0.82539 0.826323 0.82801 0.829109 0.830825 0.831777 0.833524 0.834863 0.836111 0.837597 0.839164 0.840477 0.841807 0.842971 0.844355 0.845865 0.846854 0.848263 0.849794 0.85161 0.852245 0.854244 0.855838 0.856775 0.857966 0.859494 0.860928 0.862466 0.863516 0.865053 0.86617 0.867724 0.86931 0.870593 0.872234 0.872963 0.874668 0.876023 0.877465 0.878844 0.87987 0.882044 0.882483 0.884096 0.885673 0.886992 0.888347 0.88959 0.891366 0.891984 0.893847 0.895374 0.896461 0.897739 0.899088 0.900863 0.901911 0.903469 0.904705 0.906162 0.907813 0.90878 0.910349 0.911557 0.913022 0.914702 0.915445 0.917294 0.918593 0.9198 0.92123 0.922512 0.923867 0.925389 0.926888 0.927934 0.92938 0.930776 0.932183 0.93354 0.935059 0.936399 0.937701 0.939023 0.940596 0.941755 0.942871 0.944387 0.945872 0.94711 0.948806 0.950184 0.951489 0.952723 0.954163 0.955552 0.956905 0.958272 0.959685 0.961191 0.962143 0.963687 0.965389 0.966397 0.967908 0.969243 0.970506 0.97188 0.973366 0.974879 0.976191 0.977407 0.978716 0.980445 0.981723 0.982596 0.984419 0.985833 0.987289 0.988209 0.989773 0.991141 0.992357 0.993945 0.995079 0.996695 0.997703 -6.55175e-05 -0.000151894 -0.000294902 -0.000116705 -1.81385e-05 -0.000125812 -0.0002071 -8.13548e-05 -0.000275724 -0.000209887 -8.79844e-05 -0.000158758 -0.000146062 -0.00013642 -0.000163042 -0.000391341 -0.000353389 -0.000214959 -0.000235248 7.28288e-05 -0.000325231 -4.57539e-05 4.29544e-05 -0.000194285 -0.000154461 -5.85198e-05 -0.000235973 -0.000238927 -0.000107253 -9.76198e-05 -0.000297194 -0.000310378 -0.000303302 -0.000275427 -0.000214428 -6.29887e-05 -0.000271689 -0.000293287 -0.000191441 -0.000351783 -0.000301033 -0.000285134 -0.000108227 -0.000316978 -0.000235589 -1.3675e-05 -0.000229973 -0.000229048 -4.88766e-05 -0.000334607 8.10565e-05 -3.61747e-05 -0.000277542 -0.000114766 -0.000237394 -0.000321707 -0.000210106 -0.00027781 -6.63257e-05 -0.000342549 -0.00013737 -0.000207425 -0.000234 -0.000116177 -0.000417458 -0.00026271 -0.000162676 3.05358e-05 -0.000213501 -0.00012528 -0.000101342 -9.70596e-05 -0.000238037 -5.40896e-05 -8.13242e-05 7.67357e-05 -2.69111e-05 -7.54091e-05 -1.38543e-05 -0.000301761 -0.000252086 -0.000230374 -0.000206126 -8.3611e-05 -0.000305531 -0.000133881 -0.000172719 -0.000143717 -0.000252688 -0.000140761 1.95357e-05 -3.80444e-05 -0.000364587 -0.000206814 -0.000177157 -8.14236e-05 -0.000286831 -0.00024097 -0.000220775 -0.000287296 4.29593e-05 -0.000107345 -0.000306911 -9.67417e-05 -0.000216044 -0.000287782 -5.48545e-05 -0.000237291 -0.000128389 -0.000129482 -2.79566e-05 -0.000233154 -0.000237029 -0.000201227 -0.000227465 -0.000276126 -0.000168651 4.8283e-06 -0.000184811 -0.000225204 -0.000311277 -0.000194055 -0.000116315 -0.000118141 -0.000165388 -0.000248305 -0.00045514 -0.000210226 -0.000104349 -6.80226e-05 -0.000125602 -0.000297219 4.379e-05 -0.000260409 -0.000246712 -0.000230799 -7.56185e-05 -0.000160497 -0.000126496 -0.000285112 -0.000137912 -0.00010723 -0.000293172 -9.23076e-05 -9.66283e-05 -0.000144526 -0.000102099 -0.000187032 -0.000315736 -0.000177188 -0.000165457 -0.000202884 -7.50597e-05 -3.72316e-05 -0.000268886 -0.000265285 -7.00548e-05 -0.000242121 -0.000188639 -0.000219565 -0.000387066 -0.000146222 -0.000255549 -0.000213848 -0.000189257 -0.000210914 -9.20372e-05 -0.00016546 -6.51274e-05 1.62552e-06 -0.000430286 6.83331e-05 4.46252e-05 -0.000232413 -0.00022862 -0.000250778 -9.20424e-05 -0.000367942 -0.000123684 -0.000336221 -0.00016517 -0.000135515 -0.000156531 -0.000118316 -0.000167271 -0.000258286 -0.000244743 -3.03047e-05 -7.76489e-05 -0.000277022 -6.64922e-05 -0.000109347 -6.94176e-05 -0.00011506 -0.000385014 -0.000122411 -0.000212139 -0.000253464 -2.22477e-05 -0.000185116 -0.000371579 -0.000133204 -0.000122623 -0.000179862 -0.000121899 -4.72995e-05 -4.68104e-05 -0.000401699 -0.000287432 -2.33148e-05 -0.000172151 -0.000192663 -0.000121188 -4.61016e-05 -0.000164938 -0.000276589 6.26116e-05 -7.80208e-05 -7.40639e-05 -0.000155046 -7.58681e-05 -0.000304992 -0.000207811 -0.000142781 -0.000212935 -0.000237195 -0.000178964 -0.000227861 -0.000342115 -0.000234774 -0.000225561 -0.000171332 -0.000246258 -0.000230164 -9.17839e-05 -7.3282e-05 -0.00042656 -0.00024814 -9.01201e-05 -0.000255839 -0.000219494 -0.000190726 -0.000342281 -0.000237897 -0.000239279 6.12037e-05 -0.000311619 -5.63675e-05 -0.000208215 -0.000271282 -0.000224573 -0.00016615 -0.000270663 -0.000265145 -0.000224568 -0.000297599 -6.50568e-05 -0.000315925 -0.00025239 -9.19288e-05 -4.27912e-05 -0.000304541 -0.000151181 -0.000250237 -0.0002315 -5.95991e-05 -0.000463124 -0.000270561 -0.000193297 -0.000204105 -0.000329758 -0.000103586 -7.94833e-05 -0.000331043 -0.000236908 -0.000127218 -0.000139364 -0.000167606 -0.000371139 -7.46603e-05 -0.000301949 -0.000245969 -0.000142407 -0.000148274 -0.000117875 -0.000357532 -0.000240743 4.74829e-05 -0.000220887 -7.95209e-05 -0.000108311 -0.000230049 -0.000243336 -0.000303513 -6.57372e-05 ]: ctxt_out Level: 36, LogPrecision: 13
Result Level: 36

Performance Analysis:
Execution time: 3771890 ms

Error Analysis:
Maximum error: 0.00120528 (log2: -9.69642)
Average error: 0.000567193 (log2: -10.7839)
Number of errors >= 0.01: 0
[       OK ] KWaySortTestFixture/4.SortTest (3794008 ms)
[----------] 1 test from KWaySortTestFixture/4 (3794008 ms total)

[----------] Global test environment tear-down
[==========] 5 tests from 5 test suites ran. (8408142 ms total)
[  PASSED  ] 5 tests.
