Input array size: 64
Multiplicative depth: 29
Scaling Mod: 40
Sign Configuration: CompositeSign(3, 3, 2)
Final Level: 29
input:
[ 0.78125 0.09375 0.5 0.703125 0.0625 0.4375 0.53125 0.71875 0.9375 0.328125 0.515625 0.984375 0.078125 0.203125 0.140625 0.75 0.859375 0.59375 0.890625 0.640625 0.125 0.3125 0.953125 0.46875 0.390625 0.765625 0.65625 0 0.484375 0.40625 0.25 0.015625 0.921875 0.96875 0.609375 0.84375 0.21875 0.875 0.28125 0.171875 0.34375 0.796875 0.046875 0.421875 0.1875 0.6875 0.90625 0.265625 0.359375 0.8125 0.15625 0.828125 0.234375 0.625 0.546875 0.671875 0.578125 0.453125 0.296875 0.375 0.734375 0.109375 0.5625 0.03125 ]
output:
[ -3.98902e-07 0.0156252 0.0312469 0.0468752 0.0625002 0.0781277 0.0937469 0.109375 0.124999 0.140625 0.156245 0.171868 0.187495 0.203129 0.218748 0.234376 0.249998 0.265627 0.28125 0.296874 0.312498 0.328125 0.343743 0.359372 0.374996 0.390622 0.406249 0.421873 0.437497 0.453125 0.468744 0.484377 0.499994 0.515625 0.531253 0.546873 0.562498 0.57812 0.593754 0.609377 0.624993 0.640625 0.656248 0.671872 0.687501 0.70312 0.718752 0.734367 0.750008 0.765616 0.781253 0.796881 0.81249 0.828126 0.843755 0.859372 0.874999 0.890627 0.90625 0.921878 0.937494 0.953131 0.968751 0.984366 ]

Performance Analysis:
Execution time: 35222 ms

Error Analysis:
Maximum error: 1.02384e-05 (log2: -16.5756)
Average error: 3.13795e-06 (log2: -18.2817)
Number of errors larger than 0.01: 0
[       OK ] DirectSort/DirectSortTestFixture/4.SortTest (42711 ms)
[----------] 1 test from DirectSort/DirectSortTestFixture/4 (42711 ms total)

[----------] 1 test from DirectSort/DirectSortTestFixture/5, where TypeParam = std::integral_constant<unsigned long,128ul>
[ RUN      ] DirectSort/DirectSortTestFixture/5.SortTest
Using Ring Dimension: 131072
