Input array size: 128
Multiplicative depth: 30
Scaling Mod: 40
Sign Configuration: CompositeSign(3, 3, 2)
Final Level: 30
input:
[ 0.210938 0.546875 0.117188 0.820312 0.21875 0.046875 0.25 0.109375 0.257812 0.929688 0.3125 0.460938 0.773438 0.523438 0.78125 0.9375 0.976562 0.648438 0.632812 0.914062 0.273438 0.625 0.867188 0.570312 0.84375 0.179688 0.367188 0.75 0.890625 0.757812 0.46875 0.796875 0.421875 0.742188 0.132812 0.304688 0.992188 0.0625 0.359375 0.5625 0.015625 0.0234375 0.125 0.609375 0.828125 0.203125 0.382812 0.484375 0.945312 0.695312 0.617188 0.1875 0.328125 0.921875 0.320312 0.671875 0.265625 0.289062 0.765625 0.953125 0.65625 0.539062 0.984375 0.101562 0.882812 0.078125 0.453125 0.4375 0.875 0.445312 0.71875 0.710938 0.664062 0.726562 0.59375 0.414062 0.835938 0.03125 0.351562 0.242188 0.5 0.0390625 0.679688 0.492188 0.171875 0.234375 0.398438 0.96875 0.0546875 0.507812 0.40625 0.554688 0.6875 0.335938 0.09375 0.195312 0.585938 0.789062 0.34375 0.28125 0.640625 0.804688 0.960938 0.429688 0.851562 0.601562 0 0.390625 0.8125 0.296875 0.703125 0.476562 0.226562 0.148438 0.140625 0.0703125 0.90625 0.734375 0.375 0.0859375 0.164062 0.0078125 0.898438 0.859375 0.515625 0.53125 0.15625 0.578125 ]
output:
[ 3.66804e-06 0.00782278 0.0156187 0.0234443 0.0312435 0.0390599 0.0468707 0.0546867 0.0624923 0.0703212 0.0781311 0.0859352 0.0937474 0.10156 0.109372 0.117192 0.124989 0.132811 0.140624 0.148439 0.156244 0.164069 0.17187 0.179697 0.187506 0.19532 0.203118 0.21093 0.218752 0.226572 0.234369 0.242194 0.249995 0.257805 0.265623 0.273444 0.281256 0.289064 0.296873 0.304682 0.312504 0.320305 0.328121 0.335929 0.343755 0.351565 0.359382 0.36719 0.37501 0.382816 0.390628 0.398441 0.406247 0.41404 0.421888 0.429687 0.437505 0.445306 0.453121 0.460938 0.468748 0.476559 0.484392 0.492189 0.499995 0.507803 0.515613 0.523442 0.531237 0.539064 0.54688 0.554671 0.562495 0.570325 0.578131 0.585946 0.593756 0.601552 0.609377 0.617185 0.624996 0.632825 0.640628 0.648427 0.656254 0.664059 0.671864 0.679688 0.687497 0.695306 0.70313 0.710938 0.718751 0.726576 0.734372 0.742172 0.749999 0.757788 0.765622 0.77344 0.781244 0.789068 0.796865 0.804679 0.81251 0.82031 0.82814 0.835938 0.843774 0.851556 0.859355 0.867189 0.875 0.882802 0.89063 0.898421 0.906239 0.914066 0.921865 0.929689 0.9375 0.945315 0.953117 0.960955 0.96875 0.976547 0.984383 0.992188 ]

Performance Analysis:
Execution time: 51243 ms

Error Analysis:
Maximum error: 2.42023e-05 (log2: -15.3345)
Average error: 6.32409e-06 (log2: -17.2707)
Number of errors larger than 0.01: 0
[       OK ] DirectSort/DirectSortTestFixture/5.SortTest (59700 ms)
[----------] 1 test from DirectSort/DirectSortTestFixture/5 (59700 ms total)

[----------] 1 test from DirectSort/DirectSortTestFixture/6, where TypeParam = std::integral_constant<unsigned long,256ul>
[ RUN      ] DirectSort/DirectSortTestFixture/6.SortTest
Using Ring Dimension: 131072
