Input array size: 256
Multiplicative depth: 34
Scaling Mod: 40
Sign Configuration: CompositeSign(3, 4, 2)
Final Level: 34
input:
[ 0.992188 0.953125 0.0625 0.0351562 0.09375 0.933594 0.246094 0.136719 0.550781 0.242188 0.40625 0.664062 0.421875 0.832031 0.945312 0.648438 0.425781 0.847656 0.324219 0.542969 0.707031 0.949219 0.6875 0.703125 0.320312 0.0546875 0.882812 0.777344 0.304688 0.449219 0.167969 0.617188 0.625 0.289062 0.0117188 0.195312 0.53125 0.679688 0.90625 0.710938 0.601562 0.632812 0.0742188 0.230469 0.25 0.609375 0.0976562 0.359375 0.261719 0.101562 0.59375 0.800781 0.597656 0.566406 0.0703125 0.488281 0.457031 0.253906 0.0234375 0.105469 0.675781 0 0.210938 0.351562 0.300781 0.3125 0.46875 0.589844 0.511719 0.636719 0.0273438 0.523438 0.0585938 0.472656 0.902344 0.0820312 0.578125 0.914062 0.00390625 0.316406 0.480469 0.824219 0.441406 0.757812 0.613281 0.753906 0.742188 0.0078125 0.640625 0.761719 0.429688 0.894531 0.125 0.277344 0.890625 0.117188 0.335938 0.96875 0.308594 0.738281 0.527344 0.0195312 0.234375 0.34375 0.371094 0.722656 0.78125 0.296875 0.460938 0.976562 0.863281 0.03125 0.164062 0.554688 0.984375 0.921875 0.355469 0.789062 0.382812 0.667969 0.476562 0.773438 0.363281 0.691406 0.347656 0.113281 0.390625 0.386719 0.492188 0.0664062 0.964844 0.5 0.148438 0.980469 0.605469 0.269531 0.28125 0.765625 0.152344 0.332031 0.214844 0.582031 0.238281 0.144531 0.21875 0.960938 0.867188 0.746094 0.464844 0.128906 0.191406 0.878906 0.628906 0.925781 0.484375 0.0429688 0.078125 0.265625 0.109375 0.207031 0.875 0.871094 0.507812 0.515625 0.0859375 0.71875 0.855469 0.273438 0.851562 0.175781 0.585938 0.910156 0.453125 0.972656 0.160156 0.820312 0.433594 0.015625 0.804688 0.699219 0.65625 0.898438 0.199219 0.0898438 0.996094 0.445312 0.75 0.730469 0.285156 0.546875 0.726562 0.292969 0.503906 0.519531 0.222656 0.417969 0.683594 0.570312 0.171875 0.839844 0.941406 0.203125 0.8125 0.367188 0.671875 0.226562 0.835938 0.257812 0.660156 0.132812 0.496094 0.535156 0.5625 0.816406 0.179688 0.574219 0.558594 0.183594 0.140625 0.410156 0.652344 0.15625 0.121094 0.402344 0.621094 0.4375 0.859375 0.539062 0.917969 0.378906 0.0507812 0.046875 0.792969 0.644531 0.394531 0.734375 0.375 0.328125 0.828125 0.1875 0.84375 0.796875 0.714844 0.886719 0.398438 0.785156 0.988281 0.9375 0.414062 0.808594 0.339844 0.695312 0.929688 0.769531 0.0390625 0.957031 ]
output:
[ -9.34109e-05 0.00381209 0.00785354 0.0117268 0.0155467 0.0195371 0.0234069 0.0273043 0.0312622 0.0349563 0.0391133 0.0430674 0.0469402 0.0508647 0.054559 0.0587415 0.062467 0.0664212 0.0702638 0.0742534 0.0782251 0.081941 0.0859789 0.0896909 0.0938271 0.0976888 0.101474 0.105123 0.109384 0.113222 0.117237 0.121006 0.124849 0.128807 0.132885 0.136671 0.140499 0.144633 0.148504 0.152364 0.156239 0.160103 0.163973 0.168106 0.17208 0.175947 0.179868 0.183532 0.187625 0.191461 0.195185 0.199219 0.203162 0.207141 0.210994 0.214738 0.218747 0.222627 0.226406 0.230458 0.234518 0.238253 0.242127 0.246108 0.249743 0.254055 0.257658 0.261602 0.265812 0.269593 0.273481 0.277233 0.281287 0.284895 0.289167 0.292913 0.296836 0.300843 0.304782 0.308464 0.312698 0.316385 0.320429 0.323999 0.328157 0.332033 0.335988 0.339707 0.343756 0.347671 0.35149 0.355562 0.359276 0.363176 0.367143 0.370918 0.374953 0.379022 0.382845 0.386579 0.390692 0.394693 0.398252 0.402313 0.406539 0.410087 0.413825 0.417908 0.421825 0.4259 0.429746 0.433551 0.437463 0.441266 0.445394 0.449203 0.453374 0.456958 0.460831 0.464935 0.468643 0.472669 0.476303 0.48043 0.484452 0.488498 0.492437 0.496212 0.499876 0.503851 0.507886 0.511762 0.515652 0.519377 0.523336 0.527319 0.531264 0.535247 0.538952 0.54258 0.546939 0.550715 0.554576 0.558622 0.562309 0.566398 0.570372 0.574234 0.578083 0.581916 0.585911 0.589757 0.593674 0.597518 0.601724 0.605406 0.609578 0.613539 0.617121 0.621171 0.625057 0.629028 0.632939 0.636827 0.640475 0.644271 0.648374 0.652324 0.656082 0.660039 0.663942 0.668172 0.671792 0.675615 0.679603 0.683521 0.687498 0.691799 0.695464 0.698965 0.703176 0.707037 0.711229 0.714828 0.718372 0.722833 0.726279 0.730367 0.734375 0.738511 0.742033 0.745953 0.749889 0.753574 0.757834 0.761721 0.765612 0.769609 0.773246 0.777389 0.781234 0.785123 0.788753 0.792957 0.797014 0.800393 0.805312 0.808595 0.812637 0.816174 0.820638 0.823766 0.828076 0.831922 0.83634 0.83968 0.843784 0.847746 0.851664 0.855672 0.859292 0.862956 0.86709 0.870925 0.874978 0.878932 0.882179 0.886642 0.890361 0.894854 0.898258 0.902469 0.906176 0.910444 0.913886 0.918048 0.921254 0.925527 0.929512 0.933376 0.937452 0.941575 0.945201 0.94889 0.952856 0.957182 0.960791 0.965008 0.968996 0.972643 0.977043 0.980369 0.984196 0.988216 0.992205 0.996065 ]

Performance Analysis:
Execution time: 78591 ms

Error Analysis:
Maximum error: 0.000633689 (log2: -10.6239)
Average error: 0.000120659 (log2: -13.0168)
Number of errors larger than 0.01: 0
[       OK ] DirectSort/DirectSortTestFixture/6.SortTest (89712 ms)
[----------] 1 test from DirectSort/DirectSortTestFixture/6 (89712 ms total)

[----------] 1 test from DirectSort/DirectSortTestFixture/7, where TypeParam = std::integral_constant<unsigned long,512ul>
[ RUN      ] DirectSort/DirectSortTestFixture/7.SortTest
Using Ring Dimension: 131072
